reference csr 1 2 1 375017 64202
reference csr 1 2 2 20971 9740
reference csr 1 2 3 16001 7760
reference csr 2 2 1 45381 7820
reference csr 2 2 2 42800 7440
reference csr 2 2 3 34971 6320
reference csr 3 2 1 100442 6951
reference csr 3 2 2 91031 6580
reference csr 3 2 3 87502 6560
reference csr 4 2 1 194114 6870
reference csr 4 2 2 182184 6530
reference csr 4 2 3 202534 6611
reference csr 5 2 1 295395 7330
reference csr 5 2 2 278175 6830
reference csr 5 2 3 277265 6680
reference csr 6 2 1 454359 7130
reference csr 6 2 2 439789 7390
reference csr 6 2 3 426358 6650
reference csr 7 2 1 632102 7020
reference csr 7 2 2 537290 6401
reference csr 7 2 3 525259 6280
reference csr 8 2 1 728464 6540
reference csr 8 2 2 698313 6210
reference csr 8 2 3 692693 6220
reference csr 9 2 1 1018779 4110
reference csr 9 2 2 417767 3360
reference csr 9 2 3 411258 3060
reference csr 10 2 1 543600 3310
reference csr 10 2 2 527190 3121
reference csr 10 2 3 517169 3090
reference csr 11 2 1 727574 3590
reference csr 11 2 2 696243 3260
reference csr 11 2 3 685753 3141
reference csr 12 2 1 830795 3420
reference csr 12 2 2 810285 3230
reference csr 12 2 3 809036 3410
reference csr 13 2 1 964878 3450
reference csr 13 2 2 941808 3320
reference csr 13 2 3 927788 3370
reference csr 14 2 1 1141881 3880
reference csr 14 2 2 1106991 3430
reference csr 14 2 3 1092891 3430
reference csr 15 2 1 1326965 3630
reference csr 15 2 2 1300434 3720
reference csr 15 2 3 1282654 3560
reference csr 16 2 1 1778733 4100
reference csr 16 2 2 1740823 3810
reference csr 16 2 3 1726162 3680
reference csr 17 2 1 1773193 4190
reference csr 17 2 2 1743693 3880
reference csr 17 2 3 1738952 4270
reference csr 18 2 1 1959796 4190
reference csr 18 2 2 1936976 4241
reference csr 18 2 3 1916926 3960
reference csr 19 2 1 2116200 4470
reference csr 19 2 2 2087249 4090
reference csr 19 2 3 2085409 4390
reference csr 20 2 1 2396545 4560
reference csr 20 2 2 2371615 4850
reference csr 20 2 3 2361774 4500
reference csr 21 2 1 2787442 4780
reference csr 21 2 2 2782563 4790
reference csr 21 2 3 2760702 4710
reference csr 22 2 1 3029236 5050
reference csr 22 2 2 2988286 5930
reference csr 22 2 3 2998886 4860
reference csr 23 2 1 3505696 5500
reference csr 23 2 2 3454666 5080
reference csr 23 2 3 3442325 5410
reference csr 24 2 1 3694999 5420
reference csr 24 2 2 3686950 5360
reference csr 24 2 3 3667998 5130
reference csr 25 2 1 4034386 5930
reference csr 25 2 2 3992055 5950
reference csr 25 2 3 3975644 5630
reference csr 26 2 1 4505875 5920
reference csr 26 2 2 4456984 5750
reference csr 26 2 3 4448494 5801
reference csr 27 2 1 5308699 6080
reference csr 27 2 2 5303080 6121
reference csr 27 2 3 5273898 6020
reference csr 28 2 1 5058725 6451
reference csr 28 2 2 5033174 6130
reference csr 28 2 3 5037485 6470
reference csr 29 2 1 5569624 6560
reference csr 29 2 2 5543493 6500
reference csr 29 2 3 5546315 6310
reference csr 30 2 1 6032303 6891
reference csr 30 2 2 5994012 6860
reference csr 30 2 3 5996353 6780
reference csr 31 2 1 6151424 6920
reference csr 31 2 2 6130455 7020
reference csr 31 2 3 6116274 6970
reference csr 32 2 1 6710836 7490
reference csr 32 2 2 6673566 7121
reference csr 32 2 3 6657994 7400
reference csr 33 2 1 7812027 7480
reference csr 33 2 2 7734425 7440
reference csr 33 2 3 7787317 7750
reference csr 34 2 1 7908058 8030
reference csr 34 2 2 7907499 8010
reference csr 34 2 3 7877318 8010
reference csr 35 2 1 9303315 8350
reference csr 35 2 2 8856245 8260
reference csr 35 2 3 8832026 8310
reference csr 36 2 1 8687163 8420
reference csr 36 2 2 8688693 8450
reference csr 36 2 3 8660052 8540
reference csr 37 2 1 9405857 8851
reference csr 37 2 2 9327354 8190
reference csr 37 2 3 9327416 8380
reference csr 38 2 1 9943386 8841
reference csr 38 2 2 9919835 8560
reference csr 38 2 3 9917456 8790
reference csr 39 2 1 10502197 8930
reference csr 39 2 2 10488817 8660
reference csr 39 2 3 10481896 8990
reference csr 40 2 1 10863244 9560
reference csr 40 2 2 10830783 9250
reference csr 40 2 3 10881834 9671
reference csr 41 2 1 11676828 9790
reference csr 41 2 2 11659349 9530
reference csr 41 2 3 11638988 9420
reference csr 42 2 1 12130988 9870
reference csr 42 2 2 12098347 9510
reference csr 42 2 3 12099807 9720
reference csr 43 2 1 12405802 10190
reference csr 43 2 2 12353751 10160
reference csr 43 2 3 12363521 10260
reference csr 44 2 1 13292409 10701
reference csr 44 2 2 13205857 10380
reference csr 44 2 3 13157286 10450
reference csr 45 2 1 14640035 11180
reference csr 45 2 2 14521112 10740
reference csr 45 2 3 14495142 10540
reference csr 46 2 1 16095392 11350
reference csr 46 2 2 16066222 11530
reference csr 46 2 3 16108761 11361
reference csr 47 2 1 15570012 11841
reference csr 47 2 2 15539111 11781
reference csr 47 2 3 15588652 11790
reference csr 48 2 1 16844736 12100
reference csr 48 2 2 16747064 12160
reference csr 48 2 3 16764894 12080
reference csr 49 2 1 17352045 12520
reference csr 49 2 2 17270604 12420
reference csr 49 2 3 17281424 12510
reference csr 50 2 1 18530977 12831
reference csr 50 2 2 18463586 13440
reference csr 50 2 3 18431435 13310
reference csr 51 2 1 19080477 13181
reference csr 51 2 2 19055287 13021
reference csr 51 2 3 19009606 13100
reference csr 52 2 1 20513965 13520
reference csr 52 2 2 20379951 13140
reference csr 52 2 3 20340151 12910
reference csr 53 2 1 20797930 13471
reference csr 53 2 2 20865371 13801
reference csr 53 2 3 20839290 13461
reference csr 54 2 1 20713318 13790
reference csr 54 2 2 20754409 13810
reference csr 54 2 3 20705268 13690
reference csr 55 2 1 21601475 14010
reference csr 55 2 2 21618745 13930
reference csr 55 2 3 21609204 14290
reference csr 56 2 1 22540473 15140
reference csr 56 2 2 22489902 14500
reference csr 56 2 3 22466820 14360
reference csr 57 2 1 23618353 14850
reference csr 57 2 2 23679643 15130
reference csr 57 2 3 23673264 14840
reference csr 58 2 1 23487080 16420
reference csr 58 2 2 23548021 15670
reference csr 58 2 3 23602373 15730
reference csr 59 2 1 25259813 15880
reference csr 59 2 2 25166551 15650
reference csr 59 2 3 25195002 15690
reference csr 60 2 1 25927856 16300
reference csr 60 2 2 25941786 16161
reference csr 60 2 3 25968666 16260
reference csr 61 2 1 26451526 16911
reference csr 61 2 2 26394984 16371
reference csr 61 2 3 26416485 16430
reference csr 62 2 1 28008015 17691
reference csr 62 2 2 27968174 17200
reference csr 62 2 3 27832112 16921
reference csr 63 2 1 29406301 17910
reference csr 63 2 2 29308419 17530
reference csr 63 2 3 29222797 17420
reference csr 64 2 1 28917572 18400
reference csr 64 2 2 28807310 17810
reference csr 64 2 3 28819519 18560
reference csr 65 2 1 31814666 18470
reference csr 65 2 2 32077431 18940
reference csr 65 2 3 31792356 19091
reference csr 66 2 1 32715164 19301
reference csr 66 2 2 32739633 18901
reference csr 66 2 3 33260074 19331
reference csr 67 2 1 34862583 19840
reference csr 67 2 2 34948045 19930
reference csr 67 2 3 34856773 19651
reference csr 68 2 1 35373932 20380
reference csr 68 2 2 35450914 20370
reference csr 68 2 3 35435625 20721
reference csr 69 2 1 36531784 20801
reference csr 69 2 2 36494543 21320
reference csr 69 2 3 36555526 20881
reference csr 70 2 1 37821888 21341
reference csr 70 2 2 37729957 21191
reference csr 70 2 3 37782748 23761
reference csr 71 2 1 36923832 23251
reference csr 71 2 2 36910991 22141
reference csr 71 2 3 36833350 22781
reference csr 72 2 1 42386574 22360
reference csr 72 2 2 42430515 22390
reference csr 72 2 3 42477996 23620
reference csr 73 2 1 38850258 22810
reference csr 73 2 2 38684575 22181
reference csr 73 2 3 38485131 22011
reference csr 74 2 1 42649299 22520
reference csr 74 2 2 42634458 22710
reference csr 74 2 3 42639540 22760
reference csr 75 2 1 42081347 23220
reference csr 75 2 2 42061879 23281
reference csr 75 2 3 42441336 23780
reference csr 76 2 1 44372811 24330
reference csr 76 2 2 44171108 23820
reference csr 76 2 3 44149917 23500
reference csr 77 2 1 44294350 25020
reference csr 77 2 2 44127097 24401
reference csr 77 2 3 44180167 24600
reference csr 78 2 1 45880130 24900
reference csr 78 2 2 47374898 24701
reference csr 78 2 3 45773217 24630
reference csr 79 2 1 46830848 25941
reference csr 79 2 2 46796376 25150
reference csr 79 2 3 46883839 25450
reference csr 80 2 1 46825258 26521
reference csr 80 2 2 46744596 25531
reference csr 80 2 3 46810097 26000
reference csr 81 2 1 49996356 27010
reference csr 81 2 2 49974386 26930
reference csr 81 2 3 50224970 27230
reference csr 82 2 1 51989465 27411
reference csr 82 2 2 51872792 27121
reference csr 82 2 3 51713499 26761
reference csr 83 2 1 53073154 27841
reference csr 83 2 2 53003593 27260
reference csr 83 2 3 53035984 28060
reference csr 84 2 1 53519563 29231
reference csr 84 2 2 53357339 28220
reference csr 84 2 3 53223718 27831
reference csr 85 2 1 55324986 29350
reference csr 85 2 2 55117183 28741
reference csr 85 2 3 54917459 29270
reference csr 86 2 1 58966525 35061
reference csr 86 2 2 58102869 29860
reference csr 86 2 3 57763162 29570
reference csr 87 2 1 58880244 30091
reference csr 87 2 2 58751220 29880
reference csr 87 2 3 58788992 30190
reference csr 88 2 1 58430714 31581
reference csr 88 2 2 57918766 30931
reference csr 88 2 3 57810173 30351
reference csr 89 2 1 59860361 31170
reference csr 89 2 2 59648557 32410
reference csr 89 2 3 59750690 31261
reference csr 90 2 1 61729547 31881
reference csr 90 2 2 61635265 32010
reference csr 90 2 3 61678845 32180
reference csr 91 2 1 64330775 32081
reference csr 91 2 2 64289615 33321
reference csr 91 2 3 64372466 31941
reference csr 92 2 1 62430519 32960
reference csr 92 2 2 62262387 33961
reference csr 92 2 3 62418449 32801
reference csr 93 2 1 68300930 33621
reference csr 93 2 2 68475083 34381
reference csr 93 2 3 68704787 34230
reference csr 94 2 1 71847636 34800
reference csr 94 2 2 71686663 37681
reference csr 94 2 3 71823726 35050
reference csr 95 2 1 73337693 35360
reference csr 95 2 2 73152981 35600
reference csr 95 2 3 73047659 36051
reference csr 96 2 1 74339303 36231
reference csr 96 2 2 74361443 36721
reference csr 96 2 3 74355183 36190
reference csr 97 2 1 75774130 36781
reference csr 97 2 2 75581286 37201
reference csr 97 2 3 75613357 36941
reference csr 98 2 1 79076062 37611
reference csr 98 2 2 79000750 37491
reference csr 98 2 3 78917738 37370
reference csr 99 2 1 76749349 38661
reference csr 99 2 2 76979602 38130
reference csr 99 2 3 76744817 38251
reference csr 100 2 1 79060252 39081
reference csr 100 2 2 78972749 39060
reference csr 100 2 3 79052751 38770
reference csr 101 2 1 80360776 40930
reference csr 101 2 2 80103361 39561
reference csr 101 2 3 80157913 40071
reference csr 102 2 1 84547564 40261
reference csr 102 2 2 84368401 40450
reference csr 102 2 3 84157357 40210
reference csr 103 2 1 84210748 42261
reference csr 103 2 2 83807130 41780
reference csr 103 2 3 83467694 40240
reference csr 104 2 1 91475704 42051
reference csr 104 2 2 91977243 41880
reference csr 104 2 3 92434503 41291
reference csr 105 2 1 93154145 42831
reference csr 105 2 2 92478133 44621
reference csr 105 2 3 92354520 42591
reference csr 106 2 1 90304463 43061
reference csr 106 2 2 90841952 43011
reference csr 106 2 3 91127898 44151
reference csr 107 2 1 86186505 44231
reference csr 107 2 2 85625864 43501
reference csr 107 2 3 85218266 43141
reference csr 108 2 1 91737358 46391
reference csr 108 2 2 91708629 43931
reference csr 108 2 3 91814400 44011
reference csr 109 2 1 93344710 44821
reference csr 109 2 2 93355589 44940
reference csr 109 2 3 93396279 45841
reference csr 110 2 1 93514362 45281
reference csr 110 2 2 93775577 45701
reference csr 110 2 3 93520662 45890
reference csr 111 2 1 98304782 47090
reference csr 111 2 2 98170609 47331
reference csr 111 2 3 97731691 46181
reference csr 112 2 1 98792611 47081
reference csr 112 2 2 99247299 47631
reference csr 112 2 3 99114697 47371
reference csr 113 2 1 100361700 48331
reference csr 113 2 2 100615725 48721
reference csr 113 2 3 100734878 48941
reference csr 114 2 1 101447271 52351
reference csr 114 2 2 101231186 48891
reference csr 114 2 3 102029522 50021
reference csr 115 2 1 110127923 50581
reference csr 115 2 2 109669805 49680
reference csr 115 2 3 109191535 49351
reference csr 116 2 1 107337832 50891
reference csr 116 2 2 107971563 51071
reference csr 116 2 3 107556555 51401
reference csr 117 2 1 105486686 51221
reference csr 117 2 2 105402225 50571
reference csr 117 2 3 105397364 50931
reference csr 118 2 1 125734236 52061
reference csr 118 2 2 125785546 52291
reference csr 118 2 3 125722055 51370
reference csr 119 2 1 111563490 53081
reference csr 119 2 2 111542299 52311
reference csr 119 2 3 111479539 52531
reference csr 120 2 1 113892364 54611
reference csr 120 2 2 113258692 53381
reference csr 120 2 3 116996232 53521
reference csr 121 2 1 116324720 54341
reference csr 121 2 2 116820048 54981
reference csr 121 2 3 116556654 57511
reference csr 122 2 1 116801298 56801
reference csr 122 2 2 116690516 55741
reference csr 122 2 3 117526022 55991
reference csr 123 2 1 118712554 56301
reference csr 123 2 2 118425138 55481
reference csr 123 2 3 118539982 55731
reference csr 124 2 1 112948906 57191
reference csr 124 2 2 113209631 57231
reference csr 124 2 3 115116167 57561
reference csr 125 2 1 123416723 58301
reference csr 125 2 2 124007783 57811
reference csr 125 2 3 123754279 58031
reference csr 126 2 1 125608684 58741
reference csr 126 2 2 125321578 58031
reference csr 126 2 3 126430029 60031
reference csr 127 2 1 127640332 60341
reference csr 127 2 2 127251574 58861
reference csr 127 2 3 127367996 58951
reference csr 128 2 1 132587655 61721
reference csr 128 2 2 132568153 63081
reference csr 128 2 3 132611575 60282
reference csr 129 2 1 131912011 61342
reference csr 129 2 2 132503932 72771
reference csr 129 2 3 132830709 62712
reference csr 130 2 1 136116960 62311
reference csr 130 2 2 136029208 61741
reference csr 130 2 3 136809113 62711
reference csr 131 2 1 155457843 63511
reference csr 131 2 2 156228167 62791
reference csr 131 2 3 156697966 63771
reference csr 132 2 1 151675392 65581
reference csr 132 2 2 151702852 64942
reference csr 132 2 3 151691851 64471
reference csr 133 2 1 149691834 67061
reference csr 133 2 2 149890489 66331
reference csr 133 2 3 149660314 65491
reference csr 134 2 1 164714977 66881
reference csr 134 2 2 165629362 68551
reference csr 134 2 3 164950521 66151
reference csr 135 2 1 155763358 66971
reference csr 135 2 2 155718097 67301
reference csr 135 2 3 156422010 68161
reference csr 136 2 1 153900413 67901
reference csr 136 2 2 150456249 67701
reference csr 136 2 3 150668343 68191
reference csr 137 2 1 156251028 81741
reference csr 137 2 2 156649895 69091
reference csr 137 2 3 156619354 68621
reference csr 138 2 1 162950513 70551
reference csr 138 2 2 163656656 70192
reference csr 138 2 3 162526665 69841
reference csr 139 2 1 162758600 70732
reference csr 139 2 2 162816271 75102
reference csr 139 2 3 163236158 71351
reference csr 140 2 1 176000338 71472
reference csr 140 2 2 175922096 72511
reference csr 140 2 3 175636190 71561
reference csr 141 2 1 163929601 72531
reference csr 141 2 2 163865520 73751
reference csr 141 2 3 164192526 72621
reference csr 142 2 1 164354399 74022
reference csr 142 2 2 164272358 73892
reference csr 142 2 3 164206257 73682
reference csr 143 2 1 166175814 74422
reference csr 143 2 2 165887968 74692
reference csr 143 2 3 168783382 92111
reference csr 144 2 1 179192648 76592
reference csr 144 2 2 178439293 75952
reference csr 144 2 3 179412301 79232
reference csr 145 2 1 173997000 77501
reference csr 145 2 2 173954769 76492
reference csr 145 2 3 175697982 77151
reference csr 146 2 1 176416115 77291
reference csr 146 2 2 175542099 77462
reference csr 146 2 3 175436047 77811
reference csr 147 2 1 197407178 79971
reference csr 147 2 2 196754855 78532
reference csr 147 2 3 196089443 78121
reference csr 148 2 1 172164715 79811
reference csr 148 2 2 172473421 79241
reference csr 148 2 3 177091358 95441
reference csr 149 2 1 179718427 81292
reference csr 149 2 2 178845010 80351
reference csr 149 2 3 178016325 80942
reference csr 150 2 1 192311993 81671
reference csr 150 2 2 191764592 81572
reference csr 150 2 3 192587608 82211
reference csr 151 2 1 191998737 82692
reference csr 151 2 2 191666170 84472
reference csr 151 2 3 191634560 83161
reference csr 152 2 1 193794851 83702
reference csr 152 2 2 193741989 83191
reference csr 152 2 3 193607527 83121
reference