1 2 1 14811 420
1 2 2 500 30
1 2 3 320 30
1 2 4 320 30
1 2 5 320 30
2 2 1 3681 70
2 2 2 980 30
2 2 3 800 40
2 2 4 790 40
2 2 5 780 40
3 2 1 2770 141
3 2 2 2330 130
3 2 3 1700 60
3 2 4 1620 60
3 2 5 1570 60
4 2 1 4100 170
4 2 2 2710 100
4 2 3 2630 80
4 2 4 2590 80
4 2 5 2580 70
5 2 1 7430 170
5 2 2 4131 140
5 2 3 4060 110
5 2 4 4010 120
5 2 5 4020 110
6 2 1 5860 240
6 2 2 5800 170
6 2 3 5700 140
6 2 4 5630 140
6 2 5 5650 150
7 2 1 26260 280
7 2 2 7730 240
7 2 3 7621 210
7 2 4 7650 210
7 2 5 7590 210
8 2 1 10080 320
8 2 2 9960 290
8 2 3 9920 260
8 2 4 9950 260
8 2 5 9840 250
9 2 1 14630 400
9 2 2 12421 350
9 2 3 12330 320
9 2 4 12450 320
9 2 5 12371 320
10 2 1 15310 450
10 2 2 15181 410
10 2 3 15210 390
10 2 4 15210 380
10 2 5 15181 380
11 2 1 20360 530
11 2 2 18360 510
11 2 3 18280 470
11 2 4 18261 470
11 2 5 18280 470
12 2 1 21871 620
12 2 2 21740 580
12 2 3 21690 560
12 2 4 21671 550
12 2 5 21730 550
13 2 1 25381 710
13 2 2 25411 670
13 2 3 25270 650
13 2 4 25311 650
13 2 5 25430 650
14 2 1 29560 800
14 2 2 29411 770
14 2 3 29390 751
14 2 4 29380 760
14 2 5 29491 750
15 2 1 33711 940
15 2 2 33700 880
15 2 3 33600 860
15 2 4 33721 860
15 2 5 33571 860
16 2 1 38271 1040
16 2 2 38381 990
16 2 3 38280 970
16 2 4 38250 970
16 2 5 38231 970
17 2 1 43231 1160
17 2 2 43081 1150
17 2 3 43081 1120
17 2 4 43251 1120
17 2 5 43001 1120
18 2 1 48331 1340
18 2 2 48171 1280
18 2 3 48251 1250
18 2 4 48241 1240
18 2 5 54331 1470
19 2 1 63631 1760
19 2 2 63871 1410
19 2 3 53161 1240
19 2 4 45180 1160
19 2 5 45000 1161
20 2 1 49971 1360
20 2 2 49911 1300
20 2 3 50011 1280
20 2 4 49811 1280
20 2 5 49731 1290
21 2 1 55101 1490
21 2 2 54981 1440
21 2 3 54942 1430
21 2 4 54951 1420
21 2 5 54961 1420
22 2 1 60351 1640
22 2 2 60301 1600
22 2 3 60301 1560
22 2 4 60301 1550
22 2 5 60351 1550
23 2 1 66052 1770
23 2 2 65861 1730
23 2 3 66031 1710
23 2 4 65611 1690
23 2 5 65801 1710
24 2 1 71592 1930
24 2 2 71641 1870
24 2 3 71752 1850
24 2 4 77921 1850
24 2 5 71652 1850
25 2 1 77991 2060
25 2 2 77801 2020
25 2 3 77772 2010
25 2 4 77701 2000
25 2 5 77592 2000
26 2 1 84082 2230
26 2 2 84281 2161
26 2 3 84161 2160
26 2 4 84162 2170
26 2 5 84001 2170
27 2 1 91471 2540
27 2 2 90671 2530
27 2 3 90612 2520
27 2 4 90412 2530
27 2 5 90552 2540
28 2 1 97852 2790
28 2 2 97472 2750
28 2 3 97492 2730
28 2 4 97682 2730
28 2 5 97582 2730
29 2 1 104622 2960
29 2 2 104742 2920
29 2 3 104462 2930
29 2 4 104361 2920
29 2 5 104482 2920
30 2 1 111842 3150
30 2 2 111892 3150
30 2 3 112152 3140
30 2 4 111702 3120
30 2 5 111802 3130
31 2 1 119443 3390
31 2 2 119492 3340
31 2 3 119132 3340
31 2 4 119232 3320
31 2 5 119812 3340
32 2 1 132372 3570
32 2 2 127183 3550
32 2 3 127242 3550
32 2 4 126953 3560
32 2 5 127212 3550
33 2 1 135302 3780
33 2 2 135562 3770
33 2 3 136232 3771
33 2 4 135532 3771
33 2 5 135362 3771
34 2 1 143663 4000
34 2 2 143733 4010
34 2 3 143903 3990
34 2 4 143553 4000
34 2 5 143642 3990
35 2 1 152493 4250
35 2 2 152563 4270
35 2 3 152173 4250
35 2 4 152363 4250
35 2 5 152123 4250
36 2 1 175654 4480
36 2 2 164503 4460
36 2 3 164373 4480
36 2 4 164794 4470
36 2 5 164343 4480
37 2 1 176103 4730
37 2 2 175593 4730
37 2 3 175364 4730
37 2 4 175673 4750
37 2 5 176013 4741
38 2 1 188003 4980
38 2 2 187023 4970
38 2 3 187083 4990
38 2 4 186663 4980
38 2 5 186913 4970
39 2 1 199484 5240
39 2 2 198504 5240
39 2 3 199353 5260
39 2 4 198504 5230
39 2 5 199004 5260
40 2 1 211044 5520
40 2 2 210534 5491
40 2 3 210744 5500
40 2 4 210374 5520
40 2 5 210674 5490
41 2 1 222564 5740
41 2 2 223924 5771
41 2 3 222654 5770
41 2 4 222954 5780
41 2 5 222304 5800
42 2 1 235164 6040
42 2 2 235294 6050
42 2 3 235104 6040
42 2 4 234814 6050
42 2 5 651872 6071
43 2 1 249305 6340
43 2 2 249425 6330
43 2 3 249824 6330
43 2 4 249225 6350
43 2 5 248505 6350
44 2 1 262725 6600
44 2 2 261915 6611
44 2 3 261845 6640
44 2 4 262204 6600
44 2 5 261395 6620
45 2 1 276305 6920
45 2 2 285025 6900
45 2 3 276025 6900
45 2 4 275326 6910
45 2 5 276135 6910
46 2 1 289445 7230
46 2 2 288745 7240
46 2 3 288556 7210
46 2 4 288766 7220
46 2 5 288546 7210
47 2 1 303506 7520
47 2 2 301766 7540
47 2 3 302046 7540
47 2 4 311855 7530
47 2 5 302496 7560
48 2 1 318486 7860
48 2 2 317866 7840
48 2 3 317826 7840
48 2 4 316836 7860
48 2 5 317876 7860
49 2 1 333386 8150
49 2 2 332846 8170
49 2 3 332706 8161
49 2 4 332656 8180
49 2 5 339766 8170
50 2 1 348596 8491
50 2 2 348257 8510
50 2 3 347896 8510
50 2 4 348896 8490
50 2 5 347597 8490
51 2 1 364337 8840
51 2 2 364517 8810
51 2 3 363857 8840
51 2 4 362937 8830
51 2 5 370517 8820
52 2 1 379757 9150
52 2 2 378047 9190
52 2 3 378947 9180
52 2 4 378107 9160
52 2 5 378147 9210
53 2 1 395727 9610
53 2 2 395527 9520
53 2 3 394357 9560
53 2 4 402828 9580
53 2 5 394437 9520
54 2 1 412227 9910
54 2 2 411388 9870
54 2 3 410998 9870
54 2 4 410547 9880
54 2 5 410958 9910
55 2 1 429458 10281
55 2 2 435168 10330
55 2 3 429278 10300
55 2 4 429388 10381
55 2 5 428588 10371
56 2 1 445988 10710
56 2 2 444638 10760
56 2 3 517619 12800
56 2 4 535400 12820
56 2 5 539230 12731
57 2 1 577210 15691
57 2 2 507470 11040
57 2 3 461948 11030
57 2 4 462119 11011
57 2 5 461669 11020
58 2 1 496239 11470
58 2 2 485609 11481
58 2 3 458648 11510
58 2 4 458699 11520
58 2 5 458798 11410
59 2 1 518720 11830
59 2 2 476729 11840
59 2 3 476118 11860
59 2 4 474919 11840
59 2 5 483049 11861
60 2 1 529750 12190
60 2 2 493939 12110
60 2 3 494159 12130
60 2 4 491369 12140
60 2 5 492409 12130
61 2 1 559270 12661
61 2 2 516390 12580
61 2 3 510269 12680
61 2 4 510980 12630
61 2 5 510819 12580
62 2 1 567181 13110
62 2 2 531050 13030
62 2 3 530569 13070
62 2 4 537891 13080
62 2 5 530939 13140
63 2 1 585830 13480
63 2 2 549291 13450
63 2 3 546960 13510
63 2 4 546940 13511
63 2 5 554420 13450
64 2 1 603951 13860
64 2 2 567280 14151
64 2 3 567220 13960
64 2 4 567310 14181
64 2 5 566620 14600
65 2 1 624241 14331
65 2 2 586191 14280
65 2 3 585161 14260
65 2 4 585501 14410
65 2 5 585031 14350
66 2 1 642572 14750
66 2 2 606282 14790
66 2 3 612601 14721
66 2 4 603131 14720
66 2 5 605022 14800
67 2 1 662142 15160
67 2 2 625331 15210
67 2 3 629431 15220
67 2 4 623362 15271
67 2 5 622602 15261
68 2 1 682423 15620
68 2 2 645602 15651
68 2 3 643662 15631
68 2 4 650182 15670
68 2 5 643502 15620
69 2 1 701303 16060
69 2 2 665382 16110
69 2 3 664883 16171
69 2 4 663812 16090
69 2 5 665022 16051
70 2 1 721314 16580
70 2 2 685962 16580
70 2 3 685593 16510
70 2 4 686073 16591
70 2 5 691643 16501
71 2 1 743334 17061
71 2 2 705853 17050
71 2 3 706133 17031
71 2 4 785335 25001
71 2 5 850706 20340
72 2 1 909277 20940
72 2 2 841316 17561
72 2 3 725374 17440
72 2 4 732273 17460
72 2 5 725593 17470
73 2 1 786484 18011
73 2 2 751584 17981
73 2 3 747824 17940
73 2 4 754204 17970
73 2 5 746574 17971
74 2 1 805525 18651
74 2 2 770645 18580
74 2 3 769494 18450
74 2 4 775264 18441
74 2 5 770934 18530
75 2 1 828675 19031
75 2 2 793475 18881
75 2 3 792025 18971
75 2 4 791135 19060
75 2 5 791234 18950
76 2 1 850036 19440
76 2 2 813355 19530
76 2 3 818636 19361
76 2 4 812215 19570
76 2 5 812205 19511
77 2 1 874137 20010
77 2 2 843796 20061
77 2 3 834185 20780
77 2 4 834355 20040
77 2 5 833645 19980
78 2 1 902136 20611
78 2 2 866197 20521
78 2 3 857316 20580
78 2 4 856246 20561
78 2 5 857196 20810
79 2 1 924107 21220
79 2 2 881897 21071
79 2 3 882037 21151
79 2 4 881367 21021
79 2 5 887877 21141
80 2 1 940828 21590
80 2 2 906046 21600
80 2 3 904607 21731
80 2 4 911457 21420
80 2 5 904816 21570
81 2 1 965058 22231
81 2 2 930188 22151
81 2 3 934198 22161
81 2 4 928837 22120
81 2 5 1099900 26360
82 2 1 1193602 31911
82 2 2 983128 22540
82 2 3 952807 22591
82 2 4 951298 22591
82 2 5 959238 22540
83 2 1 1013899 23231
83 2 2 978518 23211
83 2 3 978008 23140
83 2 4 985228 23300
83 2 5 976858 23220
84 2 1 1036489 23720
84 2 2 1002888 23801
84 2 3 1007839 23800
84 2 4 1001888 23720
84 2 5 1000669 23791
85 2 1 1068069 24400
85 2 2 1027159 24291
85 2 3 1025989 24320
85 2 4 1025929 24381
85 2 5 1031139 24351
86 2 1 1085190 25010
86 2 2 1051070 24821
86 2 3 1059039 24730
86 2 4 1048580 24841
86 2 5 1048970 24930
87 2 1 1115401 25600
87 2 2 1085020 25480
87 2 3 1076640 25481
87 2 4 1075720 25510
87 2 5 1084390 25420
88 2 1 1140241 26171
88 2 2 1104920 26080
88 2 3 1107781 26101
88 2 4 1100530 25990
88 2 5 1101460 26031
89 2 1 1163641 26691
89 2 2 1136890 26701
89 2 3 1126961 26580
89 2 4 1127251 26661
89 2 5 1131721 26591
90 2 1 1189832 27280
90 2 2 1360026 32451
90 2 3 1381475 37381
90 2 4 1195022 27250
90 2 5 1152351 27270
91 2 1 1228933 27861
91 2 2 1179972 27831
91 2 3 1181052 27781
91 2 4 1186673 27821
91 2 5 1178101 27851
92 2 1 1253593 28441
92 2 2 1213063 28480
92 2 3 1208332 28440
92 2 4 1208372 28481
92 2 5 1212873 28450
93 2 1 1270924 29131
93 2 2 1232683 29091
93 2 3 1240853 28971
93 2 4 1236553 29051
93 2 5 1234443 29091
94 2 1 1302874 29731
94 2 2 1260803 29690
94 2 3 1261223 29741
94 2 4 1268144 29610
94 2 5 1262273 29641
95 2 1 1324424 30470
95 2 2 1292944 30380
95 2 3 1292144 30280
95 2 4 1295404 30220
95 2 5 1290024 30311
96 2 1 1353256 31000
96 2 2 1320075 31790
96 2 3 1319185 31130
96 2 4 1317614 31641
96 2 5 1324784 32361
97 2 1 1675380 37580
97 2 2 1407986 31581
97 2 3 1345165 31510
97 2 4 1345495 31441
97 2 5 1350095 31521
98 2 1 1408206 32281
98 2 2 1367825 32181
98 2 3 1383535 32251
98 2 4 1374205 32230
98 2 5 1374715 32091
99 2 1 1439917 32821
99 2 2 1396186 32821
99 2 3 1408536 32931
99 2 4 1402396 32981
99 2 5 1404525 32971
100 2 1 1475027 33700
100 2 2 1424367 33600
100 2 3 1438537 33470
100 2 4 1431837 33571
100 2 5 1434437 33461
101 2 1 1503427 34300
101 2 2 1454427 34241
101 2 3 1470397 34341
101 2 4 1464337 34321
101 2 5 1463507 34290
102 2 1 1535349 34861
102 2 2 1483367 34831
102 2 3 1497298 35001
102 2 4 1492177 34961
102 2 5 1492718 34780
103 2 1 1646741 42430
103 2 2 1820774 35720
103 2 3 1525388 35611
103 2 4 1522198 35460
103 2 5 1527058 35471
104 2 1 1588230 36341
104 2 2 1542898 36250
104 2 3 1560369 36321
104 2 4 1552069 36320
104 2 5 1559699 36301
105 2 1 1617889 37011
105 2 2 1579189 36990
105 2 3 1583120 36861
105 2 4 1582530 36821
105 2 5 1589959 37000
106 2 1 1647750 37771
106 2 2 1608960 37770
106 2 3 1612880 37521
106 2 4 1616560 37541
106 2 5 1608920 37521
107 2 1 1688731 38290
107 2 2 1627710 38241
107 2 3 1641440 38201
107 2 4 1649040 38101
107 2 5 1639990 38250
108 2 1 1714722 38980
108 2 2 1657811 38881
108 2 3 1689651 54011
108 2 4 2002437 53141
108 2 5 1711232 38901
109 2 1 1740062 39581
109 2 2 1696771 39581
109 2 3 1708111 39541
109 2 4 1714292 39620
109 2 5 1704882 39621
110 2 1 2094459 48251
110 2 2 2054658 48190
110 2 3 2093358 48141
110 2 4 2075828 48191
110 2 5 2087859 48201
111 2 1 2156550 49161
111 2 2 2119370 48941
111 2 3 2140939 48991
111 2 4 2115519 48981
111 2 5 2382054 48950
112 2 1 2002067 41950
112 2 2 2050567 50051
112 2 3 1911665 41841
112 2 4 2162640 56941
112 2 5 1924036 49970
113 2 1 2203931 42581
113 2 2 1834974 42631
113 2 3 1846664 42601
113 2 4 1855404 42621
113 2 5 1847834 42580
114 2 1 1922345 43471
114 2 2 1862454 43451
114 2 3 1884955 43381
114 2 4 1871775 43341
114 2 5 1875015 43431
115 2 1 1940536 44180
115 2 2 1890405 44130
115 2 3 1904035 44090
115 2 4 1909486 44131
115 2 5 1900275 44111
116 2 1 1977267 44901
116 2 2 1914335 44881
116 2 3 1943095 44960
116 2 4 1934195 44871
116 2 5 1942996 44840
117 2 1 2007697 45541
117 2 2 1946945 45671
117 2 3 2081988 61231
117 2 4 2273542 45631
117 2 5 2001177 45631
118 2 1 2037808 46541
118 2 2 1986036 46391
118 2 3 2003826 46261
118 2 4 2011467 46351
118 2 5 2004618 51911
119 2 1 2072279 47161
119 2 2 2038408 47181
119 2 3 2039998 47201
119 2 4 2046868 47161
119 2 5 2040078 47150
120 2 1 2116009 47920
120 2 2 2048887 47901
120 2 3 2078948 48011
120 2 4 2094639 47921
120 2 5 2073708 47961
121 2 1 2317233 48800
121 2 2 2084468 48721
121 2 3 2118289 48841
121 2 4 2111349 48950
121 2 5 2503646 48861
122 2 1 2201700 49481
122 2 2 2116759 49621
122 2 3 2151460 49541
122 2 4 2147610 49511
122 2 5 2150549 49541
123 2 1 2219061 50301
123 2 2 2151180 50341
123 2 3 2205521 50321
123 2 4 2179860 50341
123 2 5 2190990 50350
124 2 1 2255291 51081
124 2 2 2190031 51061
124 2 3 2222391 51121
124 2 4 2215241 51070
124 2 5 2236421 51071
125 2 1 2293223 51981
125 2 2 2219341 51841
125 2 3 2257411 51821
125 2 4 2468715 62051
125 2 5 2446815 52061
126 2 1 2344984 52881
126 2 2 2255472 52621
126 2 3 2297712 52691
126 2 4 2297803 52721
126 2 5 2290183 52721
127 2 1 2364463 53520
127 2 2 2315092 53641
127 2 3 2326424 53791
127 2 4 2331854 53661
127 2 5 2325623 53681
128 2 1 2401684 57541
128 2 2 2338634 54581
128 2 3 2362414 55231
128 2 4 2386725 55451
128 2 5 2369464 56681
129 2 1 2436234 55381
129 2 2 2374464 55211
129 2 3 2681969 65761
129 2 4 2625128 55341
129 2 5 2424045 55281
130 2 1 2480767 56121
130 2 2 2403605 56141
130 2 3 2444475 56151
130 2 4 2446995 56131
130 2 5 2442265 56121
131 2 1 2537858 57051
131 2 2 2454786 56931
131 2 3 2475985 56851
131 2 4 2484216 56821
131 2 5 2484166 57071
132 2 1 2553537 80632
132 2 2 2474826 57991
132 2 3 2519677 57951
132 2 4 2519827 58041
132 2 5 2720440 69121
133 2 1 2778662 58911
133 2 2 2534797 58661
133 2 3 2555586 58671
133 2 4 2559317 58701
133 2 5 2562088 58751
134 2 1 2636699 59731
134 2 2 2556747 59691
134 2 3 2621649 59812
134 2 4 2600348 59811
134 2 5 2592288 59871
135 2 1 2674390 60651
135 2 2 2598178 60621
135 2 3 2633779 81671
135 2 4 2632728 60571
135 2 5 2642369 60651
136 2 1 2719850 61641
136 2 2 2863403 73351
136 2 3 2899933 61371
136 2 4 2697160 61471
136 2 5 2678620 61412
137 2 1 2750332 62491
137 2 2 2672079 62152
137 2 3 2723821 62321
137 2 4 2734861 62281
137 2 5 2712280 62321
138 2 1 2797712 63421
138 2 2 2716351 63011
138 2 3 2762111 63281
138 2 4 2759071 63311
138 2 5 2782381 63281
139 2 1 2843603 64291
139 2 2 2752381 64062
139 2 3 3224400 64141
139 2 4 2792452 64191
139 2 5 2816532 64072
140 2 1 2884554 65271
140 2 2 2792022 64941
140 2 3 2834482 64981
140 2 4 2840332 65071
140 2 5 2856963 65051
141 2 1 2927194 66072
141 2 2 2830942 65871
141 2 3 2877134 65942
141 2 4 2885254 65981
141 2 5 2901494 66072
142 2 1 2960804 67062
142 2 2 2866554 72852
142 2 3 3239990 67001
142 2 4 2925454 66931
142 2 5 2943694 66981
143 2 1 3005206 67931
143 2 2 2910664 67761
143 2 3 2961365 67801
143 2 4 2967795 67941
143 2 5 2965375 67941
144 2 1 3042306 69051
144 2 2 2955975 68891
144 2 3 2999865 68941
144 2 4 3002126 69051
144 2 5 3022686 68911
145 2 1 3089048 69691
145 2 2 2997195 69922
145 2 3 3541305 69802
145 2 4 3064327 69801
145 2 5 3044016 69881
146 2 1 3132888 70981
146 2 2 3038166 70781
146 2 3 3094437 70771
146 2 4 3110028 70811
146 2 5 3095108 70691
147 2 1 3165578 71771
147 2 2 3082507 71801
147 2 3 3150459 72091
147 2 4 3160919 71711
147 2 5 3144148 71641
148 2 1 3221110 72732
148 2 2 3123037 72641
148 2 3 3172639 72772
148 2 4 3197909 72461
148 2 5 3178619 72631
149 2 1 3261581 73752
149 2 2 3167879 73561
149 2 3 3237830 73551
149 2 4 3230650 73631
149 2 5 3232740 73451
150 2 1 3299901 74641
150 2 2 3205500 74661
150 2 3 3280431 74582
150 2 4 3266200 74591
150 2 5 3640968 74721
151 2 1 3356342 75681
151 2 2 3270711 75651
151 2 3 3310822 75611
151 2 4 3317122 75591
151 2 5 3316081 75651
152 2 1 3408404 76802
152 2 2 3283932 76631
152 2 3 3355722 76471
152 2 4 3355513 76721
152 2 5 3353882 76492
153 2 1 3451754 78082
153 2 2 3341722 77481
153 2 3 3813951 77531
153 2 4 3398543 77592
153 2 5 3417863 77572
154 2 1 3483234 78491
154 2 2 3380693 78571
154 2 3 3448054 78362
154 2 4 3464564 78601
154 2 5 3449234 78411
155 2 1 3527946 79771
155 2 2 3422013 87521
155 2 3 3486005 79741
155 2 4 3509215 79551
155 2 5 3587457 95022
156 2 1 3842512 80641
156 2 2 3478804 80752
156 2 3 3562456 80792
156 2 4 3539486 80521
156 2 5 3538605 80651
157 2 1 3626657 82131
157 2 2 3517605 81782
157 2 3 3589176 81711
157 2 4 3585057 81692
157 2 5 3581946 81782
158 2 1 3682188 82832
158 2 2 3560266 82762
158 2 3 4176137 82882
158 2 4 3636948 82751
158 2 5 3656567 83122
159 2 1 3713669 83902
159 2 2 3609507 84052
159 2 3 3675878 83852
159 2 4 3674228 84022
159 2 5 3673418 84002
160 2 1 3760340 87141
160 2 2 3648488 85172
160 2 3 3737129 87251
160 2 4 3726080 87252
160 2 5 4267519 87161
161 2 1 3809110 85871
161 2 2 3697449 86032
161 2 3 3768349 91681
161 2 4 3768880 86002
161 2 5 3788431 85871
162 2 1 3854391 87311
162 2 2 3746060 87052
162 2 3 3816501 86961
162 2 4 3831470 87092
162 2 5 3818451 86951
163 2 1 4354100 88282
163 2 2 3788130 88201
163 2 3 3888342 88192
163 2 4 3872882 88302
163 2 5 3873182 88242
164 2 1 3949174 89271
164 2 2 3852132 89111
164 2 3 3912212 89212
164 2 4 3911663 89272
164 2 5 3914943 89111
165 2 1 4004694 90392
165 2 2 4280299 107792
165 2 3 4018314 90762
165 2 4 3961854 90712
165 2 5 3967044 90452
166 2 1 4045634 91462
166 2 2 3930403 91372
166 2 3 4026554 91362
166 2 4 4008384 91272
166 2 5 4006914 91392
167 2 1 4117706 92582
167 2 2 3977054 92511
167 2 3 4504123 92621
167 2 4 4062115 92482
167 2 5 4075875 92491
168 2 1 4148007 93782
168 2 2 4029674 93592
168 2 3 4106977 93502
168 2 4 4127187 93522
168 2 5 4110466 93522
169 2 1 4195078 94561
169 2 2 4085905 94712
169 2 3 4300450 112802
169 2 4 4470253 94412
169 2 5 4156268 94462
170 2 1 4260379 95812
170 2 2 4116826 95722
170 2 3 4210608 95852
170 2 4 4209278 95541
170 2 5 4222769 95612
171 2 1 4290539 96792
171 2 2 4166048 97212
171 2 3 4271289 96942
171 2 4 4715327 96932
171 2 5 4258259 96902
172 2 1 4344460 98182
172 2 2 4229079 98071
172 2 3 4313660 98062
172 2 4 4306580 98122
172 2 5 4333430 97982
173 2 1 4396912 99422
173 2 2 4265809 99482
173 2 3 4359241 102592
173 2 4 4762038 99182
173 2 5 4365201 99311
174 2 1 4445402 100201
174 2 2 4314320 100291
174 2 3 4414612 100182
174 2 4 4412331 100462
174 2 5 4409812 100312
175 2 1 4499323 101532
175 2 2 4381941 101392
175 2 3 4506953 128812
175 2 4 4761579 101342
175 2 5 4480143 101332
176 2 1 4556254 102622
176 2 2 4419161 102682
176 2 3 4527134 102562
176 2 4 4517413 102552
176 2 5 4512743 102342
177 2 1 4597866 124702
177 2 2 4469002 104692
177 2 3 4999902 105122
177 2 4 4571224 104902
177 2 5 4588125 104912
178 2 1 4656266 105162
178 2 2 4516704 105082
178 2 3 4618785 104622
178 2 4 4647806 104902
178 2 5 4623005 105012
179 2 1 4710097 106042
179 2 2 4721177 126862
179 2 3 4898111 105982
179 2 4 4679166 106132
179 2 5 4690957 106122
180 2 1 4795548 107322
180 2 2 4621225 107222
180 2 3 4724138 107242
180 2 4 4723517 134473
180 2 5 4721246 107032
181 2 1 4814869 108382
181 2 2 5118275 108382
181 2 3 4776259 109142
181 2 4 4777798 108272
181 2 5 4778029 108452
182 2 1 4886580 109712
182 2 2 4731868 109832
182 2 3 4832890 109922
182 2 4 4860470 109732
182 2 5 4832249 109842
183 2 1 5304179 110773
183 2 2 4800439 110952
183 2 3 4883781 110742
183 2 4 4884170 111012
183 2 5 4894511 110872
184 2 1 4977882 112202
184 2 2 4830760 112203
184 2 3 4962471 112172
184 2 4 5001333 133973
184 2 5 5223457 112212
185 2 1 5034374 113272
185 2 2 4882790 113272
185 2 3 4997863 113162
185 2 4 4993172 113172
185 2 5 5012412 113422
186 2 1 5095445 114622
186 2 2 4931211 114492
186 2 3 5432111 161933
186 2 4 5051234 114222
186 2 5 5048724 114472
187 2 1 5167466 115872
187 2 2 4991893 115613
187 2 3 5107244 115802
187 2 4 5119385 115992
187 2 5 5102225 115882
188 2 1 5209597 118512
188 2 2 5501271 116843
188 2 3 5164336 117182
188 2 4 5156605 117102
188 2 5 5173866 116922
189 2 1 5254267 118042
189 2 2 5094844 118432
189 2 3 5243447 118102
189 2 4 5223227 118242
189 2 5 5683166 118362
190 2 1 5321658 119652
190 2 2 5153895 119382
190 2 3 5272258 119232
190 2 4 5286728 119333
190 2 5 6206535 119473
191 2 1 5376539 120812
191 2 2 5206316 120712
191 2 3 5837788 120563
191 2 4 5335079 120532
191 2 5 5325698 121112
192 2 1 5427911 125953
192 2 2 5273567 125602
192 2 3 5394380 124483
192 2 4 5379649 126022
192 2 5 5404239 125802
193 2 1 5967941 123363
193 2 2 5337858 123202
193 2 3 5464951 123242
193 2 4 5447002 123162
193 2 5 5440370 123272
194 2 1 5552933 124712
194 2 2 5366399 124553
194 2 3 5497732 124482
194 2 4 5973770 124462
194 2 5 5530593 124332
195 2 1 5582303 125723
195 2 2 5451691 126013
195 2 3 5561723 125692
195 2 4 5565853 125503
195 2 5 5575364 125622
196 2 1 5656764 127092
196 2 2 5948460 127962
196 2 3 5606844 127693
196 2 4 5616104 127243
196 2 5 5612125 127223
197 2 1 5714136 128252
197 2 2 5531312 128512
197 2 3 5692486 128322
197 2 4 5678505 153233
197 2 5 5984581 128253
198 2 1 5773806 129533
198 2 2 5585623 129702
198 2 3 5727206 129712
198 2 4 5734666 129752
198 2 5 5730976 129523
199 2 1 5818768 131133
199 2 2 6115963 131362
199 2 3 5782587 131142
199 2 4 5784847 131232
199 2 5 5807707 131382
200 2 1 5878799 132363
200 2 2 5709166 132383
200 2 3 5865319 132262
200 2 4 5909289 158083
200 2 5 6146794 132362
1 3 1 1510 40
1 3 2 360 30
1 3 3 280 30
1 3 4 290 20
1 3 5 280 30
2 3 1 2370 80
2 3 2 1680 70
2 3 3 1470 40
2 3 4 1420 40
2 3 5 1430 40
3 3 1 6780 250
3 3 2 5461 170
3 3 3 5000 140
3 3 4 4750 170
3 3 5 4710 170
4 3 1 12101 460
4 3 2 11440 270
4 3 3 11200 250
4 3 4 11161 240
4 3 5 11160 250
5 3 1 22200 660
5 3 2 21510 510
5 3 3 21481 510
5 3 4 21360 490
5 3 5 21331 500
6 3 1 37230 990
6 3 2 37000 850
6 3 3 36851 830
6 3 4 36981 820
6 3 5 36921 820
7 3 1 59181 1500
7 3 2 59021 1380
7 3 3 58881 1360
7 3 4 58871 1370
7 3 5 58821 1370
8 3 1 88202 2140
8 3 2 87861 2050
8 3 3 88032 2030
8 3 4 87942 2040
8 3 5 88202 2040
9 3 1 125572 2970
9 3 2 125503 2890
9 3 3 125242 2880
9 3 4 125783 2870
9 3 5 125312 2860
10 3 1 172373 4100
10 3 2 172203 3950
10 3 3 179033 3940
10 3 4 172363 3950
10 3 5 172203 3960
11 3 1 229744 5410
11 3 2 229514 5301
11 3 3 229314 5290
11 3 4 229304 5281
11 3 5 229334 5270
12 3 1 298246 6970
12 3 2 298836 6870
12 3 3 298065 6880
12 3 4 297975 6871
12 3 5 298245 6850
13 3 1 379548 8880
13 3 2 385887 8680
13 3 3 380157 8700
13 3 4 379927 8690
13 3 5 380217 8720
14 3 1 474908 10960
14 3 2 474569 10880
14 3 3 474989 10890
14 3 4 474579 10880
14 3 5 474469 10870
15 3 1 592441 13470
15 3 2 584961 13400
15 3 3 585041 13380
15 3 4 585141 13380
15 3 5 584620 13371
16 3 1 711013 17210
16 3 2 737504 17200
16 3 3 710364 17210
16 3 4 711153 17250
16 3 5 711293 17181
17 3 1 853026 19630
17 3 2 858546 19481
17 3 3 853215 19511
17 3 4 852986 19500
17 3 5 852416 19490
18 3 1 1014929 23421
18 3 2 1021399 23350
18 3 3 1015859 23321
18 3 4 1015959 23280
18 3 5 1021059 23331
19 3 1 1194782 27591
19 3 2 1194922 27421
19 3 3 1194692 27341
19 3 4 1200742 27381
19 3 5 1194452 27370
20 3 1 1409256 32311
20 3 2 1401366 32151
20 3 3 1393036 32200
20 3 4 1401946 32070
20 3 5 1393766 32391
21 3 1 1933796 44701
21 3 2 1753342 37060
21 3 3 1615770 37031
21 3 4 1641360 37031
21 3 5 1618340 36981
22 3 1 2042048 51201
22 3 2 1990877 42761
22 3 3 1863374 42650
22 3 4 1859865 42751
22 3 5 1866365 42791
23 3 1 2138680 53231
23 3 2 2133769 53901
23 3 3 2122299 53211
23 3 4 2128689 53221
23 3 5 2126360 53181
24 3 1 2430545 61382
24 3 2 2420444 61392
24 3 3 2411154 61401
24 3 4 2418615 61471
24 3 5 2414165 67532
25 3 1 2737870 68211
25 3 2 2815372 87702
25 3 3 2998186 67991
25 3 4 2732701 67992
25 3 5 2739330 68021
26 3 1 3090117 76432
26 3 2 3077177 76302
26 3 3 3076446 76312
26 3 4 3073367 76382
26 3 5 3084527 76392
27 3 1 3455064 85551
27 3 2 3444974 85322
27 3 3 3449204 85252
27 3 4 3466184 85372
27 3 5 3444533 85391
28 3 1 3843502 94922
28 3 2 5108684 94941
28 3 3 4648357 94992
28 3 4 4627075 101222
28 3 5 4631346 94732
29 3 1 5151025 105552
29 3 2 4998272 105312
29 3 3 5000252 105382
29 3 4 4999003 105202
29 3 5 4992052 105282
30 3 1 5966080 116722
30 3 2 5539333 116422
30 3 3 5523882 116612
30 3 4 5530402 116412
30 3 5 5528393 116652
31 3 1 6163344 128522
31 3 2 6012491 128682
31 3 3 6419299 153483
31 3 4 6244246 128533
31 3 5 6107203 128393
32 3 1 6751825 150313
32 3 2 6622243 149713
32 3 3 6732244 148013
32 3 4 6727834 148543
32 3 5 7228374 153243
33 3 1 7419398 154943
33 3 2 7259605 154313
33 3 3 7372387 154133
33 3 4 7374468 154303
33 3 5 7373827 154433
34 3 1 8640120 168733
34 3 2 7934837 168573
34 3 3 8078110 168513
34 3 4 8082569 168383
34 3 5 8086820 183013
35 3 1 9365773 234224
35 3 2 8672551 183603
35 3 3 8819493 183984
35 3 4 8808313 184203
35 3 5 9229920 183734
36 3 1 9617898 200084
36 3 2 8942586 199184
36 3 3 9105828 199264
36 3 4 9089868 199674
36 3 5 9116718 199353
37 3 1 10330551 216664
37 3 2 9753760 216234
37 3 3 9919213 216434
37 3 4 9916864 216624
37 3 5 10076856 258085
38 3 1 10574486 233785
38 3 2 10604956 234284
38 3 3 10813250 234775
38 3 4 10836000 234164
38 3 5 11306610 234265
39 3 1 11780538 252774
39 3 2 12095373 253295
39 3 3 12055853 253474
39 3 4 11730937 254145
39 3 5 11741957 253884
40 3 1 12739495 283175
40 3 2 12904519 279125
40 3 3 12217626 279806
40 3 4 12204986 278455
40 3 5 12203636 279415
41 3 1 13271496 293926
41 3 2 13465939 293086
41 3 3 13232195 293385
41 3 4 13608852 293146
41 3 5 13227475 293796
42 3 1 14341236 315926
42 3 2 14945026 315286
42 3 3 14281294 314986
42 3 4 14302694 316026
42 3 5 14811444 319936
43 3 1 15458196 338156
43 3 2 15127781 337866
43 3 3 15446245 337916
43 3 4 14936337 337416
43 3 5 14935726 337566
44 3 1 16577116 361667
44 3 2 16266511 363867
44 3 3 16118498 362016
44 3 4 16652398 362346
44 3 5 16105968 368177
45 3 1 17364221 481229
45 3 2 17273830 386088
45 3 3 17356102 387257
45 3 4 17705778 386167
45 3 5 17358111 386787
46 3 1 18699776 414167
46 3 2 18733326 412818
46 3 3 18631115 412787
46 3 4 19154604 413117
46 3 5 18628235 413008
47 3 1 20263785 444009
47 3 2 19078053 441068
47 3 3 19479080 441158
47 3 4 19919358 446959
47 3 5 19493301 440648
48 3 1 21464917 485259
48 3 2 20967278 487689
48 3 3 21432557 482919
48 3 4 20905837 488819
48 3 5 21559388 483359
49 3 1 22410135 500169
49 3 2 22996195 500299
49 3 3 22434686 500309
49 3 4 22827913 498929
49 3 5 22379994 498460
50 3 1 24421662 536050
50 3 2 23402003 532580
50 3 3 23857992 529629
50 3 4 23402262 538260
50 3 5 23924203 530000
51 3 1 26358278 685232
51 3 2 25252308 574671
51 3 3 25560462 563621
51 3 4 25014073 563860
51 3 5 25461331 563170
52 3 1 26279006 597121
52 3 2 26612843 599491
52 3 3 26603242 598651
52 3 4 26267086 596791
52 3 5 26621253 597781
53 3 1 27993968 645172
53 3 2 28153222 638931
53 3 3 28530079 635201
53 3 4 27938887 632982
53 3 5 28400965 631982
54 3 1 29696019 670442
54 3 2 29090068 676503
54 3 3 29791151 668663
54 3 4 29551357 673473
54 3 5 29221010 670782
55 3 1 31620965 713674
55 3 2 32024522 720103
55 3 3 31397391 712363
55 3 4 31478613 712193
55 3 5 31476022 709323
56 3 1 32669144 833745
56 3 2 33237615 783965
56 3 3 33825475 768495
56 3 4 33599182 771965
56 3 5 33122003 789044
57 3 1 35008928 796624
57 3 2 34939636 800354
57 3 3 34719313 797515
57 3 4 35158240 794935
57 3 5 34683532 795184
58 3 1 36814242 841715
58 3 2 37017704 848905
58 3 3 37637806 843385
58 3 4 37429262 842326
58 3 5 37338912 840865
59 3 1 38673285 895457
59 3 2 38615125 898557
59 3 3 39164655 909406
59 3 4 39110334 891546
59 3 5 39000832 899927
60 3 1 42389514 945748
60 3 2 41050290 953437
60 3 3 40937868 942997
60 3 4 40901417 946168
60 3 5 40903267 947318
61 3 1 43331681 1025669
61 3 2 43465015 1024509
61 3 3 43264961 1010449
61 3 4 43074977 1012919
61 3 5 42883383 1203813
62 3 1 44967993 1149261
62 3 2 45081944 1081990
62 3 3 45416590 1061039
62 3 4 45310258 1058960
62 3 5 45402101 1076850
63 3 1 46968849 1128891
63 3 2 46913987 1130181
63 3 3 46828756 1137952
63 3 4 46898167 1122410
63 3 5 46791906 1121671
64 3 1 49714530 1566109
64 3 2 48716531 1241713
64 3 3 51565754 1744042
64 3 4 49456135 1485267
64 3 5 49519696 1265594
65 3 1 51662196 1264064
65 3 2 51513603 1268214
65 3 3 53074422 1247273
65 3 4 51709937 1247043
65 3 5 51714357 1247844
66 3 1 53976019 1297984
66 3 2 54478618 1280413
66 3 3 54185502 1278753
66 3 4 54568560 1311544
66 3 5 55009208 1280174
67 3 1 56810831 1363605
67 3 2 56462445 1393205
67 3 3 56757950 1389475
67 3 4 57293240 1343035
67 3 5 56702489 1368115
68 3 1 59299767 1448977
68 3 2 59135494 1468147
68 3 3 58895170 1424186
68 3 4 59109854 1456237
68 3 5 59559072 1415166
69 3 1 61797543 1486448
69 3 2 61763443 1527598
69 3 3 62182120 1503038
69 3 4 61688582 1508847
69 3 5 61676102 1726182
70 3 1 64336881 1539979
70 3 2 64171317 1622040
70 3 3 64631085 1579669
70 3 4 64298330 1535638
70 3 5 64595266 1562699
71 3 1 66966078 1624140
71 3 2 68247132 1624820
71 3 3 67611191 1618370
71 3 4 67950958 1677771
71 3 5 67480968 1667271
72 3 1 70254841 1741642
72 3 2 70715649 1766253
72 3 3 71228898 1746952
72 3 4 71367320 1719732
72 3 5 70965593 1751302
73 3 1 74537629 1794332
73 3 2 73251586 1804933
73 3 3 73223975 1766673
73 3 4 73808636 1779483
73 3 5 73358887 1808704
74 3 1 81991047 1818374
74 3 2 77139457 1902425
74 3 3 77613317 1804643
74 3 4 79450200 1899985
74 3 5 77000175 1848965
75 3 1 80573011 1894725
75 3 2 80019760 1982096
75 3 3 79994240 2005617
75 3 4 79871148 1965076
75 3 5 82663580 2224121
76 3 1 84150516 2023218
76 3 2 84112137 1972036
76 3 3 83974024 2208481
76 3 4 83786620 1973027
76 3 5 83608587 2033187
77 3 1 86158715 2081878
77 3 2 86338838 2354853
77 3 3 86386208 2115480
77 3 4 86717034 2369864
77 3 5 86608942 2117279
78 3 1 89921593 2118879
78 3 2 89643989 2399015
78 3 3 89971235 2195761
78 3 4 90177378 2176840
78 3 5 89570778 2200591
79 3 1 93501011 2525267
79 3 2 93056702 2225491
79 3 3 93654333 2316953
79 3 4 93285196 2843813
79 3 5 93245425 2404475
80 3 1 97608007 2322122
80 3 2 96822992 2547978
80 3 3 97238169 2474966
80 3 4 96671189 2604508
80 3 5 97094057 2388154
81 3 1 100567771 2519056
81 3 2 100151463 2491757
81 3 3 100880307 2486036
81 3 4 100834535 2485866
81 3 5 100370587 2569377
82 3 1 104063815 2487797
82 3 2 104040755 2996105
82 3 3 105029022 3055847
82 3 4 104315860 2826403
82 3 5 104468482 2809252
83 3 1 108095740 2654150
83 3 2 107430358 3025246
83 3 3 108311994 2684480
83 3 4 113159114 2907114
83 3 5 108436676 2981825
84 3 1 112668525 2627039
84 3 2 111623166 3148748
84 3 3 113517041 2770911
84 3 4 111001814 3039037
84 3 5 112237047 3311901
85 3 1 115810343 3082847
85 3 2 116668739 2914624
85 3 3 117132857 2921804
85 3 4 116380584 2801762
85 3 5 115880815 3242880
86 3 1 120275846 2920543
86 3 2 119774766 3401913
86 3 3 120201034 3326621
86 3 4 120695323 2998845
86 3 5 119854597 3341422
87 3 1 125050954 3575466
87 3 2 125400491 3032066
87 3 3 124279949 3605777
87 3 4 125750557 3377783
87 3 5 124865560 3394883
88 3 1 129326443 3200200
88 3 2 128678091 3202349
88 3 3 128330405 3540916
88 3 4 128813553 3539495
88 3 5 129181441 3190269
89 3 1 133127813 3646707
89 3 2 133879757 3204389
89 3 3 133461798 3251480
89 3 4 133311026 3632148
89 3 5 133882997 3236479
90 3 1 137590716 3361312
90 3 2 138001043 3355092
90 3 3 137705228 3302351
90 3 4 137351141 3741859
90 3 5 138408071 3380163
91 3 1 142150130 3567446
91 3 2 142192900 3560155
91 3 3 142379124 3506634
91 3 4 141761853 3913523
91 3 5 141951406 3900272
92 3 1 147432397 3553596
92 3 2 151944561 3563766
92 3 3 146866718 3998393
92 3 4 147293625 3942333
92 3 5 150765110 3940332
93 3 1 152306688 3700268
93 3 2 152487411 3716820
93 3 3 151315239 3965443
93 3 4 151620726 4117026
93 3 5 152167465 3702749
94 3 1 156401214 4256679
94 3 2 157407892 3812960
94 3 3 156839342 3814991
94 3 4 156709920 4446242
94 3 5 156340682 3811901
95 3 1 161714032 4331499
95 3 2 161941716 3959743
95 3 3 161709282 4623085
95 3 4 161660331 4421431
95 3 5 161728633 4244398
96 3 1 167172412 4264739
96 3 2 167289154 4253959
96 3 3 166592882 4288660
96 3 4 167063891 4630375
96 3 5 166869337 4655746
97 3 1 172831677 4643026
97 3 2 172666785 4183617
97 3 3 172794347 4186838
97 3 4 172803237 4178317
97 3 5 176075897 4183377
98 3 1 176942904 4889151
98 3 2 177090966 4822810
98 3 3 177582635 4302909
98 3 4 179475630 4304000
98 3 5 178191507 4298870
99 3 1 184593226 4470932
99 3 2 184399981 4456503
99 3 3 183766610 5008262
99 3 4 184585424 4458053
99 3 5 184198577 4467193
100 3 1 189743350 4567575
100 3 2 188839413 4579224
100 3 3 189132619 4562884
100 3 4 188237692 5228727
100 3 5 193029631 4535364
101 3 1 194058170 5045913
101 3 2 193729785 4683336
101 3 3 194038179 5272197
101 3 4 194754453 4684107
101 3 5 194187102 4702787
102 3 1 204746598 4927131
102 3 2 204968351 4929741
102 3 3 204128726 4914211
102 3 4 205015713 5306658
102 3 5 204240549 4933191
103 3 1 206417278 5038453
103 3 2 206588311 4988142
103 3 3 205992210 5442270
103 3 4 207624551 5714486
103 3 5 208240172 4981032
104 3 1 211558873 5835778
104 3 2 212974809 5640855
104 3 3 212367469 6084692
104 3 4 213086011 5346719
104 3 5 212886967 5328098
105 3 1 218307198 6018201
105 3 2 218254507 5903679
105 3 3 219611283 5290528
105 3 4 218958399 5625744
105 3 5 217119196 5955349
106 3 1 225112604 5800598
106 3 2 225321168 6251856
106 3 3 226334776 6253685
106 3 4 226078522 5595364
106 3 5 225872857 5647354
107 3 1 231962000 5623684
107 3 2 232484990 5584433
107 3 3 231913489 6068332
107 3 4 231754447 5943140
107 3 5 232038932 5587443
108 3 1 239180414 5725586
108 3 2 237736007 6442609
108 3 3 238984130 5760396
108 3 4 238109834 6084473
108 3 5 237810498 5748247
109 3 1 247474937 5911289
109 3 2 244330849 6191644
109 3 3 248629129 6638853
109 3 4 244664395 6275765
109 3 5 245172765 5917790
110 3 1 251832888 6941879
110 3 2 251981720 6066643
110 3 3 252732315 6134553
110 3 4 251230257 6418259
110 3 5 251846488 6855146
111 3 1 259184014 6285056
111 3 2 262509605 6739134
111 3 3 258606263 6698414
111 3 4 258394669 6613273
111 3 5 258404790 7010800
112 3 1 270842009 6991809
112 3 2 266062031 7116371
112 3 3 266275055 7376377
112 3 4 267078240 6682963
112 3 5 267200051 7025039
113 3 1 273664012 6801976
113 3 2 273929496 6633953
113 3 3 273846394 7456188
113 3 4 273737063 6631933
113 3 5 274240302 6939258
114 3 1 281322303 7837305
114 3 2 281649089 6845617
114 3 3 281245482 7140662
114 3 4 280475097 7120602
114 3 5 280270843 7130213
115 3 1 287904744 7883795
115 3 2 289072866 7007000
115 3 3 289753338 7306836
115 3 4 288278552 7434658
115 3 5 288929995 6989619
116 3 1 295560726 7131092
116 3 2 296377231 7144853
116 3 3 295159729 7415017
116 3 4 295309972 7803494
116 3 5 295491155 7090251
117 3 1 303280889 7702652
117 3 2 303163006 7503899
117 3 3 303481753 7302145
117 3 4 302729798 7667412
117 3 5 303537343 8193921
118 3 1 317348698 12430160
118 3 2 313143930 7409418
118 3 3 313132131 7377606
118 3 4 315650267 7680622
118 3 5 312507619 7356396
119 3 1 321785800 7588520
119 3 2 323798658 7813295
119 3 3 321592067 7590691
119 3 4 321771891 7583770
119 3 5 321964534 7598270
120 3 1 328643938 8092150
120 3 2 330069834 8435526
120 3 3 329298319 7855596
120 3 4 329607735 8181451
120 3 5 329057735 8283633
121 3 1 340404255 9211191
121 3 2 338198804 8388345
121 3 3 339766712 8006739
121 3 4 337705885 8681440
121 3 5 338092092 7996537
122 3 1 350114214 8635239
122 3 2 351418488 8244982
122 3 3 348416012 8222203
122 3 4 348974243 8203482
122 3 5 349461091 8197212
123 3 1 354633348 9099028
123 3 2 354152899 8654250
123 3 3 354405703 8399665
123 3 4 355411372 8533138
123 3 5 355057865 8711202
124 3 1 363901359 8653720
124 3 2 364244365 8598470
124 3 3 367809891 8650039
124 3 4 364565631 8661231
124 3 5 363886328 8663210
125 3 1 373517536 9098299
125 3 2 373577217 8815383
125 3 3 373367654 8841634
125 3 4 373059438 8827903
125 3 5 373249501 9394643
126 3 1 381856251 9391514
126 3 2 381890881 9032707
126 3 3 381352892 9344412
126 3 4 380988465 9394674
126 3 5 382830679 9377524
127 3 1 390963059 9258891
127 3 2 391996888 9244681
127 3 3 391530929 9503017
127 3 4 390718534 9250781
127 3 5 391381076 9259891
128 3 1 399487336 11392791
128 3 2 400082997 11366611
128 3 3 399241862 12175965
128 3 4 399417595 11410561
128 3 5 402089693 11386491
129 3 1 409155644 10885412
129 3 2 410134402 10023626
129 3 3 411389735 9621048
129 3 4 408912180 10152358
129 3 5 409080014 10181709
130 3 1 418484096 10293531
130 3 2 418251553 9830482
130 3 3 419452665 9883473
130 3 4 418198072 9883302
130 3 5 418633959 9891003
131 3 1 427905770 10067157
131 3 2 427060216 10455663
131 3 3 427127557 10093667
131 3 4 430033600 10167148
131 3 5 428734016 10178039
132 3 1 440417692 10415482
132 3 2 440265589 10717109
132 3 3 440322449 10450063
132 3 4 437366205 10880731
132 3 5 437207342 10432574
133 3 1 447167837 10547166
133 3 2 448448200 10948142
133 3 3 449587642 10626997
133 3 4 448573062 10655728
133 3 5 448074833 10990183
134 3 1 459921722 11130107
134 3 2 458067907 11699006
134 3 3 460385351 11656686
134 3 4 458672169 11240107
134 3 5 458853492 11537804
135 3 1 468486619 11700296
135 3 2 468635543 11194797
135 3 3 469194914 11140096
135 3 4 472308601 11123096
135 3 5 472042716 11837849
136 3 1 480520752 11692177
136 3 2 480413239 11659375
136 3 3 480969911 11664735
136 3 4 480833588 11698177
136 3 5 481057322 11671005
137 3 1 490499577 11617795
137 3 2 490893124 11482953
137 3 3 490592418 12724546
137 3 4 490702170 11599165
137 3 5 489800063 11482963
138 3 1 504595246 11759147
138 3 2 499408211 12333918
138 3 3 499139936 12185855
138 3 4 499472801 12351728
138 3 5 499280679 11766118
139 3 1 511352281 12542771
139 3 2 511600616 12099344
139 3 3 512554113 12429670
139 3 4 510033206 12896228
139 3 5 514962557 12092384
140 3 1 523080117 12401579
140 3 2 526176415 12369509
140 3 3 523291061 12291417
140 3 4 523458844 12359288
140 3 5 523095549 12748536
141 3 1 534448457 12705924
141 3 2 534082270 13074552
141 3 3 536278392 12749005
141 3 4 534744343 12630583
141 3 5 540090542 12629803
142 3 1 545620653 13281355
142 3 2 545702215 13018571
142 3 3 543779869 12817357
142 3 4 544694186 12806717
142 3 5 574506637 13577070
143 3 1 558399190 13348937
143 3 2 557452763 13213025
143 3 3 560178302 13175613
143 3 4 556986653 13438068
143 3 5 557880780 13170654
144 3 1 570071404 14230233
144 3 2 569816750 13891977
144 3 3 568966265 13893297
144 3 4 569281370 14325405
144 3 5 573566639 13838896
145 3 1 584851147 15125440
145 3 2 588599566 14217123
145 3 3 584226336 13823086
145 3 4 585036441 13818715
145 3 5 583671965 14256764
146 3 1 592126691 14090531
146 3 2 592228824 14033909
146 3 3 594224280 13908707
146 3 4 592433187 13892017
146 3 5 591116772 15605708
147 3 1 605500298 14311604
147 3 2 605764393 14313735
147 3 3 605215683 14339435
147 3 4 606079749 14295324
147 3 5 604641712 14674611
148 3 1 617215204 14502978
148 3 2 618181062 14681232
148 3 3 620064287 14674981
148 3 4 617709633 14610920
148 3 5 617198044 14970606
149 3 1 629782296 14940076
149 3 2 629782566 14982107
149 3 3 629837727 15244372
149 3 4 631213483 14844964
149 3 5 631157612 14803164
150 3 1 641450231 15100749
150 3 2 642729205 16300561
150 3 3 642560121 16332972
150 3 4 641631724 15615518
150 3 5 640999362 16025436
151 3 1 656529080 17588125
151 3 2 656919906 15519637
151 3 3 656916397 15553057
151 3 4 658238511 16012596
151 3 5 656396366 15544987
152 3 1 668916967 16207070
152 3 2 669019619 16229890
152 3 3 668563261 16361383
152 3 4 668171943 16240470
152 3 5 670634810 16713209
153 3 1 686469782 16188399
153 3 2 688760674 16217489
153 3 3 689447426 16184849
153 3 4 686975511 16215199
153 3 5 688248264 16311752
154 3 1 695799873 16465194
154 3 2 695371975 16448084
154 3 3 698245389 16417293
154 3 4 695497388 16915202
154 3 5 694314796 16701448
155 3 1 710740690 16782121
155 3 2 709477485 16794160
155 3 3 713943238 16841002
155 3 4 712943040 16880032
155 3 5 710972962 17251668
156 3 1 723320271 17436052
156 3 2 722957954 17131126
156 3 3 722698389 17213828
156 3 4 722328822 17481953
156 3 5 723653437 17124527
157 3 1 736382861 19499760
157 3 2 737604924 17469463
157 3 3 738067772 18914299
157 3 4 736623706 17353420
157 3 5 735997704 17444252
158 3 1 752594280 18352589
158 3 2 750540642 17890850
158 3 3 749762668 17746548
158 3 4 751832706 18085463
158 3 5 750496151 17908651
159 3 1 766337283 18476341
159 3 2 765242103 20375766
159 3 3 765865825 19522481
159 3 4 769484562 18151745
159 3 5 770129954 18058144
160 3 1 781392242 20347365
160 3 2 779933384 19803675
160 3 3 781002063 25786286
160 3 4 779379203 25969129
160 3 5 780970503 25876347
161 3 1 797451466 19240545
161 3 2 794746137 18548323
161 3 3 795426709 21072969
161 3 4 795269436 19034221
161 3 5 795898147 21173592
162 3 1 807132116 28069919
162 3 2 813197447 28354703
162 3 3 807835518 28522776
162 3 4 807771267 28858493
162 3 5 808118413 28650788
163 3 1 827113244 20257004
163 3 2 824962324 19803235
163 3 3 824268680 19953879
163 3 4 822979507 19848406
163 3 5 825570404 19768575
164 3 1 839425660 20115252
164 3 2 838528143 19740535
164 3 3 843368372 19686983
164 3 4 838878060 20046040
164 3 5 838234577 19732074
165 3 1 853920287 20784854
165 3 2 855937625 20640911
165 3 3 857391742 20406368
165 3 4 855567817 20738233
165 3 5 856363962 20636291
166 3 1 870570874 20894476
166 3 2 869311290 20466988
166 3 3 873914505 20786084
166 3 4 869627216 20559100
166 3 5 874894362 20619371
167 3 1 886537768 21210412
167 3 2 884301627 21271033
167 3 3 886763822 21605369
167 3 4 888963372 21385434
167 3 5 887538796 20877065
168 3 1 905106290 21988856
168 3 2 904164282 21708771
168 3 3 903010092 21577638
168 3 4 904069970 22330372
168 3 5 904542539 22743410
169 3 1 919395163 21987416
169 3 2 918558837 22374023
169 3 3 919758649 21984786
169 3 4 922674533 21971076
169 3 5 921484031 21587299
170 3 1 939822149 22352153
170 3 2 937568718 22446355
170 3 3 937739011 22140209
170 3 4 937724900 22445735
170 3 5 936700351 21980285
171 3 1 955746982 22840732
171 3 2 951680677 22994014
171 3 3 951018725 22406953
171 3 4 952515623 22539607
171 3 5 955459546 22910163
172 3 1 971252888 22917213
172 3 2 970409402 22921173
172 3 3 969267320 22921262
172 3 4 975610218 23342031
172 3 5 969495824 23532675
173 3 1 990982381 23677347
173 3 2 986689572 24362360
173 3 3 1013367814 25388729
173 3 4 987161140 23374831
173 3 5 985782034 24010803
174 3 1 1005631521 24508631
174 3 2 1005653051 24506453
174 3 3 1005358805 24708026
174 3 4 1006045548 24301869
174 3 5 1006132799 24596695
175 3 1 1022259575 24554123
175 3 2 1020132447 24537633
175 3 3 1018753161 24370670
175 3 4 1023806315 25899778
175 3 5 1020771969 24770538
176 3 1 1038591267 24999482
176 3 2 1038521905 24308739
176 3 3 1040319948 25240636
176 3 4 1038142477 24442341
176 3 5 1040017422 25439539
177 3 1 1055608440 37607134
177 3 2 1057153108 37781777
177 3 3 1056199041 37674336
177 3 4 1055422576 37472181
177 3 5 1057843000 37222297
178 3 1 1072729174 25746054
178 3 2 1073468299 25521981
178 3 3 1071820898 25659153
178 3 4 1074242622 26042281
178 3 5 1073035120 25694004
179 3 1 1091783435 37990201
179 3 2 1090288437 38212495
179 3 3 1090313989 38266786
179 3 4 1090262887 38214125
179 3 5 1089992282 37883009
180 3 1 1112499977 26415887
180 3 2 1111833304 26553640
180 3 3 1114453152 26232453
180 3 4 1112753471 26217694
180 3 5 1114721116 27054390
181 3 1 1138676399 27151072
181 3 2 1133991372 26755033
181 3 3 1136535628 27193742
181 3 4 1137870863 27735021
181 3 5 1135755664 27128061
182 3 1 1150072438 27142290
182 3 2 1146959410 27018558
182 3 3 1146010862 27064209
182 3 4 1146706606 27031988
182 3 5 1152352619 27120351
183 3 1 1173118862 28467326
183 3 2 1166619601 27495878
183 3 3 1172991570 27893125
183 3 4 1167007529 28157250
183 3 5 1169721788 27968766
184 3 1 1190523842 29085347
184 3 2 1188727569 29371792
184 3 3 1190972210 29235219
184 3 4 1191394187 28987674
184 3 5 1191286065 28770470
185 3 1 1207129467 28650878
185 3 2 1202291667 28944595
185 3 3 1208288098 28494495
185 3 4 1205559258 29398652
185 3 5 1207317569 29266070
186 3 1 1226069596 29273910
186 3 2 1223322234 31369039
186 3 3 1222322025 29148668
186 3 4 1225328871 29370912
186 3 5 1223230602 31019972
187 3 1 1247912987 29537745
187 3 2 1245402660 29353011
187 3 3 1245410581 30307979
187 3 4 1246297457 30214817
187 3 5 1245647055 30464122
188 3 1 1266053431 30402671
188 3 2 1269305580 30543163
188 3 3 1301118536 30228138
188 3 4 1268321422 30702226
188 3 5 1265957577 30636205
189 3 1 1286049987 30914970
189 3 2 1285962436 30898020
189 3 3 1286188430 31187396
189 3 4 1285131580 31200425
189 3 5 1285549798 30916280
190 3 1 1311592458 31459860
190 3 2 1307962580 31444169
190 3 3 1310868544 32667732
190 3 4 1306224208 31426099
190 3 5 1312347911 31319647
191 3 1 1311869582 31755515
191 3 2 1312538894 32066290
191 3 3 1313937750 33790443
191 3 4 1311763799 31765745
191 3 5 1309432376 31102273
192 3 1 1334777253 32356626
192 3 2 1334765962 32113832
192 3 3 1333743654 32797735
192 3 4 1335563627 33132171
192 3 5 1332501790 32851935
193 3 1 1356243328 32797195
193 3 2 1353934335 32648002
193 3 3 1355242838 32266405
193 3 4 1355069975 32810025
193 3 5 1354765629 34439055
194 3 1 1373318430 33070480
194 3 2 1371541768 33020949
194 3 3 1374430881 32594951
194 3 4 1374794177 33635581
194 3 5 1374384600 33038110
195 3 1 1394729904 33113280
195 3 2 1395102351 34029087
195 3 3 1392960770 33910026
195 3 4 1394137523 33225233
195 3 5 1396271861 33842283
196 3 1 1424565753 34300252
196 3 2 1426140672 34373603
196 3 3 1425605511 34187330
196 3 4 1424292407 33881464
196 3 5 1429956241 34374354
197 3 1 1439984566 34277871
197 3 2 1442352149 34655439
197 3 3 1440180288 34793090
197 3 4 1440794320 36400971
197 3 5 1439874273 34737241
198 3 1 1464652779 35193049
198 3 2 1462047101 34714320
198 3 3 1463464697 34557467
198 3 4 1462875796 36925910
198 3 5 1463802262 34657379
199 3 1 1487951237 53652689
199 3 2 1486320127 53904294
199 3 3 1485583283 54070166
199 3 4 1488252332 54099257
199 3 5 1488174061 53663570
200 3 1 1506874414 36787048
200 3 2 1511221215 36791149
200 3 3 1508580455 36736457
200 3 4 1508720377 36710766
200 3 5 1508621796 36402641
