1 2 1 358687 56561
1 2 2 18120 8460
1 2 3 14090 7181
1 2 4 13010 6520
1 2 5 13000 6270
2 2 1 42231 8110
2 2 2 36980 6590
2 2 3 35411 6380
2 2 4 35331 6480
2 2 5 34701 6450
3 2 1 100822 7840
3 2 2 90812 6940
3 2 3 87421 6511
3 2 4 87131 6690
3 2 5 87031 6590
4 2 1 195564 7640
4 2 2 182044 6870
4 2 3 177784 6590
4 2 4 180053 6720
4 2 5 191344 6950
5 2 1 296415 8210
5 2 2 278395 6740
5 2 3 272365 6650
5 2 4 246904 6140
5 2 5 243364 5790
6 2 1 401537 7140
6 2 2 382467 6290
6 2 3 372926 6070
6 2 4 371697 5970
6 2 5 369127 6130
7 2 1 760194 9210
7 2 2 537919 7930
7 2 3 559930 3300
7 2 4 236594 2840
7 2 5 237555 2830
8 2 1 337936 3551
8 2 2 319095 2970
8 2 3 317406 2910
8 2 4 316086 2830
8 2 5 316106 3030
9 2 1 446068 4300
9 2 2 412038 3560
9 2 3 406048 3060
9 2 4 405158 3080
9 2 5 405127 3060
10 2 1 539360 3690
10 2 2 522670 3040
10 2 3 515260 3120
10 2 4 520620 3510
10 2 5 513410 3160
11 2 1 715243 3730
11 2 2 688812 3300
11 2 3 674122 3180
11 2 4 677422 3150
11 2 5 676893 3300
12 2 1 827296 3870
12 2 2 806355 3330
12 2 3 793645 3230
12 2 4 792315 3280
12 2 5 795095 3490
13 2 1 951828 3850
13 2 2 930878 3500
13 2 3 916837 3340
13 2 4 919147 3540
13 2 5 909177 3430
14 2 1 1115821 3950
14 2 2 1095340 3550
14 2 3 1093070 4180
14 2 4 1077980 3611
14 2 5 1073109 3520
15 2 1 1305334 4390
15 2 2 1278923 3630
15 2 3 1265243 3600
15 2 4 1262503 3800
15 2 5 1249983 3580
16 2 1 1759523 4300
16 2 2 1735982 3930
16 2 3 1716361 3770
16 2 4 1706431 4030
16 2 5 1700151 3631
17 2 1 1742962 4380
17 2 2 1725992 4000
17 2 3 1710971 3940
17 2 4 1716082 4530
17 2 5 1694361 3900
18 2 1 1937886 5050
18 2 2 1899645 4110
18 2 3 1900885 4170
18 2 4 1888695 4020
18 2 5 1885925 4320
19 2 1 2082469 4720
19 2 2 2073798 4830
19 2 3 2050948 4220
19 2 4 2065189 4870
19 2 5 2039228 4250
20 2 1 2366664 5230
20 2 2 2327193 4400
20 2 3 2325692 4780
20 2 4 2318563 4500
20 2 5 2301873 4250
21 2 1 2766111 5210
21 2 2 2744600 4710
21 2 3 2726340 5521
21 2 4 2723990 4890
21 2 5 2719110 4710
22 2 1 2972605 5170
22 2 2 2950145 5090
22 2 3 2941494 4990
22 2 4 2937194 5031
22 2 5 2929104 4710
23 2 1 3453623 5710
23 2 2 3421073 5290
23 2 3 3410493 5331
23 2 4 3403633 5140
23 2 5 3415013 5140
24 2 1 3654398 5890
24 2 2 3636118 5850
24 2 3 3624777 5570
24 2 4 3619257 5830
24 2 5 3652608 5760
25 2 1 3949762 6220
25 2 2 3923032 5510
25 2 3 3919802 5570
25 2 4 3907982 5540
25 2 5 3917512 5620
26 2 1 4422431 6240
26 2 2 4421962 5790
26 2 3 4400961 5890
26 2 4 4365320 5780
26 2 5 4367191 5780
27 2 1 5257367 6510
27 2 2 5225227 6151
27 2 3 5244616 6270
27 2 4 5232036 6280
27 2 5 5203877 6320
28 2 1 4994022 6440
28 2 2 4950751 6160
28 2 3 4943111 6140
28 2 4 4947061 6101
28 2 5 4946181 6210
29 2 1 5476300 7560
29 2 2 5466210 6320
29 2 3 5450531 6450
29 2 4 5439680 6250
29 2 5 5440101 6660
30 2 1 5938189 6930
30 2 2 5910100 6720
30 2 3 5897148 6600
30 2 4 5900129 6900
30 2 5 5878978 6550
31 2 1 6060541 7560
31 2 2 6037012 6820
31 2 3 6031141 6820
31 2 4 6019531 6740
31 2 5 6024691 6821
32 2 1 6627222 7510
32 2 2 6584992 6970
32 2 3 6579761 6990
32 2 4 6561091 6941
32 2 5 6560471 7080
33 2 1 7675432 7930
33 2 2 7657082 7670
33 2 3 7624661 7720
33 2 4 7690311 7620
33 2 5 7659172 7610
34 2 1 7803373 8200
34 2 2 7763063 7801
34 2 3 7791124 8100
34 2 4 7767882 8080
34 2 5 7766504 7990
35 2 1 8764071 8680
35 2 2 8704010 8280
35 2 3 8688460 8241
35 2 4 8701650 8220
35 2 5 8685900 8250
36 2 1 8582408 8730
36 2 2 8554487 8660
36 2 3 8540648 8650
36 2 4 8539377 8390
36 2 5 8522837 8480
37 2 1 9257531 9010
37 2 2 9201940 8640
37 2 3 9185949 8350
37 2 4 9184539 8360
37 2 5 9187769 8521
38 2 1 9824411 9210
38 2 2 9804022 8760
38 2 3 9769880 8780
38 2 4 9781811 8760
38 2 5 9782670 8630
39 2 1 10463583 9280
39 2 2 10330811 8800
39 2 3 10325891 8810
39 2 4 10324481 8670
39 2 5 10345601 8770
40 2 1 10694557 9760
40 2 2 10678987 11640
40 2 3 10647187 9210
40 2 4 10656117 9130
40 2 5 10626706 9301
41 2 1 11836998 10011
41 2 2 11459470 9390
41 2 3 11464281 9660
41 2 4 11481642 10050
41 2 5 11480731 9541
42 2 1 11960390 10220
42 2 2 11935510 9990
42 2 3 11989191 10230
42 2 4 11929390 9691
42 2 5 11995221 10221
43 2 1 12213714 10510
43 2 2 12277726 9970
43 2 3 12195605 10690
43 2 4 12192905 9970
43 2 5 12179945 9940
44 2 1 13011419 10580
44 2 2 13033050 10171
44 2 3 13024760 10240
44 2 4 13018110 10641
44 2 5 13004039 10300
45 2 1 14323644 11110
45 2 2 14314913 11020
45 2 3 14299714 10640
45 2 4 14372085 11210
45 2 5 14354374 10700
46 2 1 15936454 12040
46 2 2 15850052 11320
46 2 3 15913014 11720
46 2 4 15893593 11450
46 2 5 15836522 11670
47 2 1 15456845 12260
47 2 2 15366173 12030
47 2 3 15307192 11791
47 2 4 15394925 11830
47 2 5 15367043 20050
48 2 1 16553115 12911
48 2 2 16532044 12580
48 2 3 16548215 12190
48 2 4 16551985 12390
48 2 5 16691328 12240
49 2 1 17074185 12820
49 2 2 17050675 12550
49 2 3 17039703 13220
49 2 4 17002273 12380
49 2 5 17030174 12331
50 2 1 18218615 13221
50 2 2 18172535 12790
50 2 3 18154245 12790
50 2 4 18128794 12660
50 2 5 18219416 12800
51 2 1 18812586 13911
51 2 2 18755466 13180
51 2 3 18748966 13140
51 2 4 18802636 13191
51 2 5 18796527 13230
52 2 1 20607959 13881
52 2 2 20231123 13410
52 2 3 20058790 13000
52 2 4 20029779 13020
52 2 5 20130481 13520
53 2 1 20655390 14221
53 2 2 20517378 13290
53 2 3 20523148 13791
53 2 4 20433767 14060
53 2 5 20399176 13290
54 2 1 20426667 14150
54 2 2 20351056 13630
54 2 3 20405686 13720
54 2 4 20411896 14001
54 2 5 20400265 13781
55 2 1 21286493 14490
55 2 2 21259132 14060
55 2 3 21407125 14990
55 2 4 21325624 14320
55 2 5 21430604 14711
56 2 1 22339872 15281
56 2 2 22114188 14450
56 2 3 22149548 14610
56 2 4 22115467 15200
56 2 5 22142418 15070
57 2 1 23334131 15330
57 2 2 23261228 14920
57 2 3 23183037 14820
57 2 4 23247649 14830
57 2 5 23225159 14840
58 2 1 23302159 16131
58 2 2 23214818 15570
58 2 3 23148436 15091
58 2 4 23164557 15600
58 2 5 23119466 15120
59 2 1 25251825 17090
59 2 2 25567921 16100
59 2 3 24887559 16400
59 2 4 25010631 16460
59 2 5 25715984 15890
60 2 1 25751844 17620
60 2 2 25657023 16261
60 2 3 25956448 16061
60 2 4 25941988 16191
60 2 5 26355616 16791
61 2 1 26059530 17271
61 2 2 26195752 17270
61 2 3 26374656 16831
61 2 4 26016459 16750
61 2 5 25998769 16481
62 2 1 27457056 17731
62 2 2 27428386 17360
62 2 3 27464936 16980
62 2 4 27423556 16961
62 2 5 27329723 16930
63 2 1 29189608 22350
63 2 2 29251399 17800
63 2 3 29357771 19120
63 2 4 28776202 17430
63 2 5 29177618 18240
64 2 1 28480895 18570
64 2 2 28428384 17871
64 2 3 28411403 17950
64 2 4 28429145 17910
64 2 5 28392243 18620
65 2 1 31434619 19040
65 2 2 31231246 18540
65 2 3 31272886 19270
65 2 4 31407098 19081
65 2 5 31601403 19050
66 2 1 33609989 19670
66 2 2 32384997 19461
66 2 3 32523489 21511
66 2 4 32569950 19570
66 2 5 32500009 19350
67 2 1 34323993 20260
67 2 2 35324962 19760
67 2 3 34483515 20040
67 2 4 34352064 19980
67 2 5 34382743 19730
68 2 1 34968905 20600
68 2 2 35006496 20400
68 2 3 34937113 20321
68 2 4 34871663 20520
68 2 5 34883153 20350
69 2 1 36325219 21521
69 2 2 35962242 20941
69 2 3 35948373 20791
69 2 4 36139596 21311
69 2 5 36062615 20901
70 2 1 37875228 21651
70 2 2 37324847 21100
70 2 3 37350998 21281
70 2 4 37347099 21380
70 2 5 37284987 21281
71 2 1 36295369 22131
71 2 2 36434211 22251
71 2 3 36395241 22081
71 2 4 36910940 21830
71 2 5 36380371 21801
72 2 1 41973143 22511
72 2 2 41898282 23290
72 2 3 41866741 22381
72 2 4 43061554 22281
72 2 5 41968044 22691
73 2 1 38363487 23150
73 2 2 38097491 22350
73 2 3 37777386 22160
73 2 4 38183744 22150
73 2 5 37901328 22360
74 2 1 42032085 23070
74 2 2 42524404 22490
74 2 3 41883212 22540
74 2 4 41950773 22441
74 2 5 42293629 23800
75 2 1 42468193 24240
75 2 2 41500445 23400
75 2 3 41712558 23110
75 2 4 41476945 23500
75 2 5 41462614 23350
76 2 1 43403980 24120
76 2 2 43782047 24550
76 2 3 43540842 24020
76 2 4 43916869 24080
76 2 5 43272598 24071
77 2 1 43480621 25201
77 2 2 43749036 25390
77 2 3 43560693 24660
77 2 4 43704435 24870
77 2 5 43477481 24560
78 2 1 45149672 25601
78 2 2 45333285 25371
78 2 3 45148483 27421
78 2 4 46358224 25300
78 2 5 45095791 26140
79 2 1 46251472 25600
79 2 2 46590259 26651
79 2 3 46592338 25460
79 2 4 46229573 25641
79 2 5 46648649 25861
80 2 1 46060540 26480
80 2 2 46100179 25801
80 2 3 46033229 25730
80 2 4 45980437 26500
80 2 5 45959798 26151
81 2 1 49249267 27740
81 2 2 49234898 26531
81 2 3 49920020 27250
81 2 4 49386951 31751
81 2 5 49426680 27400
82 2 1 51027530 27470
82 2 2 50992830 27131
82 2 3 51357806 27260
82 2 4 51014161 27361
82 2 5 51683492 26910
83 2 1 52291494 28170
83 2 2 52329454 27781
83 2 3 56168035 28061
83 2 4 55979612 27630
83 2 5 52448546 27940
84 2 1 52657870 28700
84 2 2 52545098 28300
84 2 3 52587110 27911
84 2 4 52510628 28280
84 2 5 52553258 28191
85 2 1 54368083 29501
85 2 2 55149106 28701
85 2 3 54652708 29880
85 2 4 54321591 29130
85 2 5 55577044 29110
86 2 1 56741435 29680
86 2 2 56939350 30180
86 2 3 56916758 30650
86 2 4 56725976 29240
86 2 5 56539432 29351
87 2 1 57963829 30611
87 2 2 58735652 30471
87 2 3 58329326 31521
87 2 4 58009889 30071
87 2 5 57854746 29800
88 2 1 57206614 32231
88 2 2 57376157 31650
88 2 3 57521210 30651
88 2 4 57380217 32900
88 2 5 56860387 31060
89 2 1 59063269 32301
89 2 2 58980426 31010
89 2 3 59290772 32060
89 2 4 59031938 31160
89 2 5 58883996 31800
90 2 1 60672057 32070
90 2 2 60857282 31630
90 2 3 60720709 32001
90 2 4 60782261 32601
90 2 5 61347240 31901
91 2 1 63618283 32901
91 2 2 63532231 32101
91 2 3 63685064 33101
91 2 4 63670304 32631
91 2 5 63620842 32650
92 2 1 61995772 33471
92 2 2 61501194 32771
92 2 3 62178536 32970
92 2 4 61839019 32770
92 2 5 61667427 33400
93 2 1 67274180 41211
93 2 2 67404112 34401
93 2 3 67488234 34101
93 2 4 67760329 34911
93 2 5 67690618 34421
94 2 1 71081281 35281
94 2 2 71529588 35651
94 2 3 71404385 34731
94 2 4 71610000 34831
94 2 5 71400976 35070
95 2 1 72086209 36130
95 2 2 73240419 35190
95 2 3 71934056 36051
95 2 4 72039688 35431
95 2 5 72311653 35370
96 2 1 73778399 36530
96 2 2 73071088 36421
96 2 3 74949321 37250
96 2 4 73117558 36801
96 2 5 74939501 37190
97 2 1 75982780 37601
97 2 2 74549174 37480
97 2 3 74593935 42731
97 2 4 76101582 36751
97 2 5 74612645 38031
98 2 1 78154461 37841
98 2 2 77780093 38670
98 2 3 78433875 37440
98 2 4 77892846 37441
98 2 5 77739913 37800
99 2 1 75815128 39241
99 2 2 75883939 38471
99 2 3 75717515 41191
99 2 4 75953990 38251
99 2 5 75851708 38201
100 2 1 78605629 39150
100 2 2 79046067 46961
100 2 3 79218910 39071
100 2 4 78665960 39941
100 2 5 79172039 38941
101 2 1 79127158 40131
101 2 2 79101417 39771
101 2 3 79513035 39741
101 2 4 78851063 39580
101 2 5 79156279 40051
102 2 1 84211313 41481
102 2 2 83232673 40271
102 2 3 83523349 41011
102 2 4 83526679 40131
102 2 5 84052779 40571
103 2 1 84404895 41160
103 2 2 82594392 40691
103 2 3 82617402 40231
103 2 4 82483350 41040
103 2 5 82624692 41030
104 2 1 91046958 42421
104 2 2 91053798 41981
104 2 3 90148021 41921
104 2 4 90043270 42301
104 2 5 91225031 42121
105 2 1 91889414 43301
105 2 2 91727541 42321
105 2 3 92106817 43091
105 2 4 91170770 41721
105 2 5 91530937 45081
106 2 1 89588831 43871
106 2 2 89346717 43021
106 2 3 90076470 44151
106 2 4 89901237 42691
106 2 5 89856696 43771
107 2 1 84038928 43660
107 2 2 85006976 44071
107 2 3 84337354 43641
107 2 4 84677840 43510
107 2 5 84301514 44331
108 2 1 91383574 44661
108 2 2 91332064 45611
108 2 3 91333773 44661
108 2 4 91012027 45111
108 2 5 91607448 44621
109 2 1 92597806 45841
109 2 2 92641667 45621
109 2 3 91903104 44511
109 2 4 91712961 44701
109 2 5 92001436 45051
110 2 1 93017874 46391
110 2 2 92338002 45681
110 2 3 92744929 46551
110 2 4 93003343 46001
110 2 5 92598996 46231
111 2 1 96839255 49541
111 2 2 96230133 47321
111 2 3 96405377 46961
111 2 4 96675392 46521
111 2 5 96512789 46621
112 2 1 98020427 51001
112 2 2 97277823 46721
112 2 3 98426153 56391
112 2 4 97484737 47571
112 2 5 97824003 47211
113 2 1 100435431 50281
113 2 2 98597517 48451
113 2 3 99147427 47861
113 2 4 98821671 48051
113 2 5 98616118 48271
114 2 1 99155507 48581
114 2 2 99392682 49041
114 2 3 99327021 49011
114 2 4 99260239 48521
114 2 5 99391562 49560
115 2 1 108224704 50001
115 2 2 107925729 49471
115 2 3 107910769 49120
115 2 4 108177703 49451
115 2 5 110455925 50501
116 2 1 107540102 51981
116 2 2 106169446 50951
116 2 3 106397041 52951
116 2 4 107393829 56031
116 2 5 107189255 50951
117 2 1 104180330 51811
117 2 2 103792763 50751
117 2 3 104498666 51241
117 2 4 103892264 51521
117 2 5 103680371 50821
118 2 1 124489694 51901
118 2 2 124575786 52731
118 2 3 124587095 52121
118 2 4 124610896 52811
118 2 5 126016842 52761
119 2 1 109359486 52701
119 2 2 110049769 55161
119 2 3 110796512 57282
119 2 4 109712931 52671
119 2 5 109555939 53791
120 2 1 111038906 53681
120 2 2 112020834 55251
120 2 3 111518625 54291
120 2 4 111415393 55391
120 2 5 111830650 54161
121 2 1 116276043 61791
121 2 2 114654743 55311
121 2 3 114303657 58121
121 2 4 114376577 55951
121 2 5 116016539 55441
122 2 1 116354324 55921
122 2 2 115572480 58211
122 2 3 116398245 55681
122 2 4 115478889 58081
122 2 5 115305645 54972
123 2 1 117586937 56761
123 2 2 116579949 61281
123 2 3 116766791 57211
123 2 4 117419354 60341
123 2 5 117603237 59161
124 2 1 111652037 62281
124 2 2 111689278 64861
124 2 3 112584594 58741
124 2 4 111918433 64681
124 2 5 112173747 60371
125 2 1 121305086 65591
125 2 2 122919495 68081
125 2 3 121313916 58061
125 2 4 121222494 57541
125 2 5 120855947 62232
126 2 1 125433791 66791
126 2 2 123880963 60981
126 2 3 124311431 63041
126 2 4 123733190 62341
126 2 5 123795251 82111
127 2 1 126071803 65071
127 2 2 125927951 64091
127 2 3 125852609 62711
127 2 4 126199425 70421
127 2 5 125195497 67041
128 2 1 131083645 68231
128 2 2 130172829 65911
128 2 3 130166529 65732
128 2 4 131324290 70121
128 2 5 130749960 64962
129 2 1 129912004 71002
129 2 2 130540256 70371
129 2 3 131450552 67192
129 2 4 130278761 68031
129 2 5 130632577 68942
130 2 1 133858617 64981
130 2 2 134932466 69981
130 2 3 134046211 68762
130 2 4 135115699 70131
130 2 5 135602189 70171
131 2 1 157289898 64021
131 2 2 155830981 69991
131 2 3 155787311 71042
131 2 4 154619119 76841
131 2 5 156156658 66581
132 2 1 150330870 66461
132 2 2 151994091 67362
132 2 3 149914172 73091
132 2 4 149443144 74051
132 2 5 149858481 73191
133 2 1 148081148 73701
133 2 2 172896287 86322
133 2 3 148663050 79361
133 2 4 147753773 76812
133 2 5 148481276 70201
134 2 1 163389480 75211
134 2 2 163150846 68571
134 2 3 164764656 73351
134 2 4 164410610 73482
134 2 5 165071272 75062
135 2 1 154151481 72111
135 2 2 154083119 77291
135 2 3 153604161 76372
135 2 4 153906836 76452
135 2 5 154809083 75632
136 2 1 149110048 77702
136 2 2 149902123 76132
136 2 3 148643959 77791
136 2 4 148339693 77501
136 2 5 148095649 76352
137 2 1 154680020 77071
137 2 2 155744970 77722
137 2 3 154395515 79111
137 2 4 154657040 77402
137 2 5 154739662 85172
138 2 1 160887244 81761
138 2 2 162385603 70741
138 2 3 160549429 73181
138 2 4 161401624 76901
138 2 5 162461784 77082
139 2 1 161593747 78832
139 2 2 160226023 74982
139 2 3 160105410 77972
139 2 4 160481577 77621
139 2 5 161056257 74462
140 2 1 174234571 81362
140 2 2 173224592 78701
140 2 3 173228332 78671
140 2 4 173269903 81112
140 2 5 174490576 79682
141 2 1 162697707 80472
141 2 2 161912594 78651
141 2 3 161406184 79342
141 2 4 161530517 80222
141 2 5 162206299 79622
142 2 1 162647177 77211
142 2 2 163989532 80692
142 2 3 161762331 80812
142 2 4 162632777 80112
142 2 5 162772979 80741
143 2 1 163708617 81712
143 2 2 164343908 80702
143 2 3 164145865 83361
143 2 4 164344579 83262
143 2 5 164172876 81792
144 2 1 175531324 83152
144 2 2 175808720 81642
144 2 3 176652795 83261
144 2 4 175374341 79182
144 2 5 175291400 81372
145 2 1 172338565 84051
145 2 2 171535511 84792
145 2 3 171834087 84012
145 2 4 173798832 84432
145 2 5 171881048 84441
146 2 1 173850973 80372
146 2 2 173092540 84581
146 2 3 174465685 85142
146 2 4 174458595 87191
146 2 5 172717042 85512
147 2 1 195285469 86622
147 2 2 194691488 85962
147 2 3 193445935 85351
147 2 4 193804601 81092
147 2 5 195908599 86992
148 2 1 184323887 99712
148 2 2 171864796 79872
148 2 3 171577691 97002
148 2 4 172186074 80122
148 2 5 176107734 93802
149 2 1 181185859 81041
149 2 2 177562953 81052
149 2 3 177137933 82151
149 2 4 179904005 81312
149 2 5 179024119 81292
150 2 1 191461028 82071
150 2 2 190665953 81781
150 2 3 189684206 80781
150 2 4 191288154 82162
150 2 5 190066782 80711
151 2 1 191667151 84621
151 2 2 191464988 82241
151 2 3 191681922 83071
151 2 4 190650543 82892
151 2 5 190380568 81632
152 2 1 194322450 87802
152 2 2 192447835 83662
152 2 3 192166761 83271
152 2 4 192445516 83732
152 2 5 192317793 84361
153 2 1 193049498 90242
153 2 2 194381462 86731
153 2 3 192779472 86291
153 2 4 192074509 84512
153 2 5 192362714 84682
154 2 1 194907941 85232
154 2 2 195557724 102412
154 2 3 196201025 87391
154 2 4 195180566 86142
154 2 5 194875890 88301
155 2 1 200815941 86632
155 2 2 202047893 86942
155 2 3 203679202 88702
155 2 4 199695449 88622
155 2 5 200141398 88832
156 2 1 199654109 88601
156 2 2 199380993 89451
156 2 3 199093608 87851
156 2 4 199857163 87091
156 2 5 199831282 87502
157 2 1 204595370 90722
157 2 2 209804476 91851
157 2 3 204028170 89512
157 2 4 203752194 88882
157 2 5 204598160 88772
158 2 1 202690035 90222
158 2 2 202852488 91711
158 2 3 202514542 92162
158 2 4 201594204 91392
158 2 5 203131603 91162
159 2 1 224753461 105972
159 2 2 223319945 91171
159 2 3 224504976 90871
159 2 4 224843033 92611
159 2 5 224010298 92131
160 2 1 208929579 98002
160 2 2 207692016 94892
160 2 3 209025852 94522
160 2 4 206462734 94362
160 2 5 205743071 92521
161 2 1 210438357 94971
161 2 2 214143465 96631
161 2 3 211402785 95982
161 2 4 210411427 98551
161 2 5 211446116 94622
162 2 1 218706789 95541
162 2 2 218062327 95032
162 2 3 217709431 93821
162 2 4 218222051 97592
162 2 5 217559199 95461
163 2 1 216377947 95752
163 2 2 215397609 97992
163 2 3 216140192 95392
163 2 4 217969025 98982
163 2 5 219375492 96192
164 2 1 203243505 100652
164 2 2 202932989 99572
164 2 3 202912939 99732
164 2 4 202509911 96322
164 2 5 203656353 114813
165 2 1 221227325 100702
165 2 2 221669765 101552
165 2 3 220291368 101422
165 2 4 220376300 108102
165 2 5 220914720 100702
166 2 1 227728796 118012
166 2 2 227455241 99391
166 2 3 228748614 100522
166 2 4 230949665 101952
166 2 5 228223635 101212
167 2 1 225623146 119832
167 2 2 226635065 100482
167 2 3 226168827 107612
167 2 4 225187589 102321
167 2 5 224802121 101862
168 2 1 234526711 103202
168 2 2 234450249 101222
168 2 3 237729720 101352
168 2 4 235946497 102132
168 2 5 234902508 103412
169 2 1 225672278 103452
169 2 2 225805581 105572
169 2 3 225446944 103951
169 2 4 224157059 101642
169 2 5 224942784 102872
170 2 1 239439332 106332
170 2 2 240521461 105632
170 2 3 241013541 104342
170 2 4 240070463 103172
170 2 5 240962099 103632
171 2 1 236233222 106292
171 2 2 236223212 107631
171 2 3 236890695 104621
171 2 4 236413325 106332
171 2 5 236286663 105052
172 2 1 245272179 110292
172 2 2 250738110 105922
172 2 3 245113766 114512
172 2 4 244654727 106112
172 2 5 244458563 108412
173 2 1 248588660 108122
173 2 2 249303923 107782
173 2 3 250530706 107432
173 2 4 249462075 115412
173 2 5 249855474 111542
174 2 1 250821401 110092
174 2 2 250117618 112092
174 2 3 251432072 110722
174 2 4 250824530 109042
174 2 5 251320210 108812
175 2 1 259412309 111962
175 2 2 258181816 110392
175 2 3 259560432 109372
175 2 4 258243928 109102
175 2 5 257518424 109052
176 2 1 261909115 115113
176 2 2 261402186 111742
176 2 3 260616071 110052
176 2 4 265810497 112512
176 2 5 260583991 120042
177 2 1 261763182 114722
177 2 2 259078272 114632
177 2 3 259844527 113362
177 2 4 260120482 112432
177 2 5 259085133 132522
178 2 1 261194762 114792
178 2 2 262384463 136523
178 2 3 259964559 114962
178 2 4 259404819 113122
178 2 5 259986579 114582
179 2 1 257575135 114952
179 2 2 260849016 115703
179 2 3 257876050 116913
179 2 4 259533531 117202
179 2 5 259898518 117392
180 2 1 255546508 137803
180 2 2 253537911 116472
180 2 3 254243273 116122
180 2 4 254419476 140483
180 2 5 253877017 116432
181 2 1 269424853 142293
181 2 2 268805822 119332
181 2 3 268178450 117052
181 2 4 268373314 117652
181 2 5 269286131 118052
182 2 1 279167043 119592
182 2 2 278477510 118092
182 2 3 276391621 119882
182 2 4 277847859 119932
182 2 5 277439741 119362
183 2 1 276084206 121652
183 2 2 275882472 118862
183 2 3 277662534 121503
183 2 4 278344948 122782
183 2 5 277433981 119512
184 2 1 286042729 121482
184 2 2 286125651 120242
184 2 3 286382335 121662
184 2 4 288436945 145242
184 2 5 285328655 145283
185 2 1 282481034 121862
185 2 2 282441773 121792
185 2 3 283419451 122082
185 2 4 283019514 125752
185 2 5 283152646 121793
186 2 1 285896476 123613
186 2 2 286081100 123622
186 2 3 286016869 124212
186 2 4 286252393 125313
186 2 5 285958748 123602
187 2 1 315153476 126642
187 2 2 316084032 126193
187 2 3 315308558 152792
187 2 4 317913926 127003
187 2 5 317822894 126243
188 2 1 307111007 128083
188 2 2 308083984 127223
188 2 3 306705980 125862
188 2 4 308897070 154033
188 2 5 308936070 127922
189 2 1 317498378 134473
189 2 2 319888483 128143
189 2 3 321167756 130653
189 2 4 318602299 130872
189 2 5 317429088 127782
190 2 1 319551687 130482
190 2 2 320130867 130932
190 2 3 320760659 129662
190 2 4 319431384 130573
190 2 5 319258911 130293
191 2 1 309190825 140112
191 2 2 310471119 137523
191 2 3 310209574 134712
191 2 4 308758187 132182
191 2 5 309819987 131593
192 2 1 328403869 141033
192 2 2 332314491 143962
192 2 3 330558199 133782
192 2 4 329184944 134433
192 2 5 329134923 161253
193 2 1 331323992 136382
193 2 2 332664338 137843
193 2 3 330654650 136803
193 2 4 335251586 134842
193 2 5 334854988 164943
194 2 1 322875038 138242
194 2 2 323766704 137003
194 2 3 326176338 135913
194 2 4 326256129 139352
194 2 5 322834116 139773
195 2 1 326615106 148633
195 2 2 326056806 142683
195 2 3 328371539 139603
195 2 4 329305755 140923
195 2 5 328185075 139993
196 2 1 335009371 137883
196 2 2 335043052 143462
196 2 3 335120643 142702
196 2 4 334618824 138412
196 2 5 337191272 141292
197 2 1 345563574 141392
197 2 2 346603524 140693
197 2 3 344393933 142273
197 2 4 346211837 139472
197 2 5 345519854 138702
198 2 1 343436876 152963
198 2 2 343150940 145093
198 2 3 343026578 167583
198 2 4 343542997 146812
198 2 5 343319994 143903
199 2 1 335584471 142983
199 2 2 336178062 143653
199 2 3 338312492 141703
199 2 4 335848176 144523
199 2 5 336682781 146683
200 2 1 351806870 143963
200 2 2 354562770 142733
200 2 3 354218804 146813
200 2 4 355362605 146913
200 2 5 356473666 145903
1 3 1 12120 3840
1 3 2 6140 2720
1 3 3 6210 2500
1 3 4 5560 2530
1 3 5 5520 2490
2 3 1 38921 2860
2 3 2 36110 2670
2 3 3 35980 2750
2 3 4 35140 2670
2 3 5 36130 2720
3 3 1 167313 3110
3 3 2 161313 2970
3 3 3 160283 2791
3 3 4 157733 2740
3 3 5 159183 2910
4 3 1 419948 3450
4 3 2 407938 3110
4 3 3 405037 3020
4 3 4 404647 3000
4 3 5 404148 2970
5 3 1 915247 3800
5 3 2 906537 3680
5 3 3 888617 3360
5 3 4 878126 3440
5 3 5 878116 3300
6 3 1 1714342 4430
6 3 2 1683321 4000
6 3 3 1678261 4320
6 3 4 1667941 3920
6 3 5 1657991 6480
7 3 1 2723160 5420
7 3 2 2696850 4730
7 3 3 2671389 4780
7 3 4 2667739 4560
7 3 5 2663379 4831
8 3 1 4294549 5820
8 3 2 4466442 6740
8 3 3 4531773 5700
8 3 4 4261349 5630
8 3 5 4248358 5550
9 3 1 6147022 7020
9 3 2 6140284 6670
9 3 3 6122293 6580
9 3 4 6114892 6680
9 3 5 6100453 6730
10 3 1 9498705 8330
10 3 2 8973116 7910
10 3 3 8932385 8050
10 3 4 8938045 8070
10 3 5 8942155 7911
11 3 1 12446639 9880
11 3 2 12161583 9680
11 3 3 12130713 9500
11 3 4 12126493 10720
11 3 5 12675493 9610
12 3 1 16774689 12101
12 3 2 16791369 11430
12 3 3 17233678 11500
12 3 4 16722138 11591
12 3 5 16755378 11451
13 3 1 21443725 13910
13 3 2 21015668 13540
13 3 3 21554076 13641
13 3 4 21075348 13760
13 3 5 21434735 13570
14 3 1 26312855 16391
14 3 2 26685431 16160
14 3 3 26321496 16400
14 3 4 26836825 16200
14 3 5 26426276 19440
15 3 1 34898193 19581
15 3 2 34958763 18980
15 3 3 34861832 20231
15 3 4 34516225 18980
15 3 5 34867102 19540
16 3 1 41465134 22901
16 3 2 41793350 22760
16 3 3 41788869 22631
16 3 4 41538655 23421
16 3 5 41466314 27001
17 3 1 51077351 27800
17 3 2 50725274 28470
17 3 3 53649348 29330
17 3 4 50675674 28060
17 3 5 50426859 27421
18 3 1 61142367 34640
18 3 2 60578326 32080
18 3 3 61099155 31851
18 3 4 60567966 32141
18 3 5 60468963 31871
19 3 1 74564444 39751
19 3 2 74046414 37161
19 3 3 74856799 38250
19 3 4 74823068 37161
19 3 5 74267318 38380
20 3 1 84418825 43451
20 3 2 84531657 43121
20 3 3 84160530 42761
20 3 4 84887064 42691
20 3 5 84735360 45171
21 3 1 99010073 50401
21 3 2 99508133 50081
21 3 3 98995803 49731
21 3 4 99240618 48881
21 3 5 99597375 51951
22 3 1 116685019 56362
22 3 2 116235131 55771
22 3 3 116183350 55741
22 3 4 115515717 55611
22 3 5 116156340 55691
23 3 1 136542284 77421
23 3 2 136770800 62931
23 3 3 136518194 63971
23 3 4 136317190 64501
23 3 5 136198829 69951
24 3 1 159450277 73191
24 3 2 158663352 72381
24 3 3 158988009 72042
24 3 4 158054661 70952
24 3 5 159085900 70912
25 3 1 181570355 80442
25 3 2 181383000 88161
25 3 3 181208358 82702
25 3 4 181753837 81101
25 3 5 182517362 79531
26 3 1 195919238 90491
26 3 2 196010790 89161
26 3 3 195738696 90162
26 3 4 195317667 89361
26 3 5 195022162 90661
27 3 1 225881760 101171
27 3 2 224412023 99842
27 3 3 224366633 118613
27 3 4 224617017 99322
27 3 5 225534365 101122
28 3 1 247129071 112742
28 3 2 244987253 111022
28 3 3 244556924 109982
28 3 4 244609355 110082
28 3 5 243762110 117232
29 3 1 282017734 124663
29 3 2 281610336 130072
29 3 3 280581248 123482
29 3 4 282619325 123002
29 3 5 281627056 121052
30 3 1 335594171 135032
30 3 2 336953826 137082
30 3 3 336893245 138323
30 3 4 337506976 137282
30 3 5 337529236 136232
31 3 1 351502674 151532
31 3 2 351920181 152273
31 3 3 352988941 149073
31 3 4 352574564 149003
31 3 5 354283765 150713
32 3 1 392171544 169593
32 3 2 392840385 165823
32 3 3 393451477 174843
32 3 4 388444504 167023
32 3 5 391560771 163343
33 3 1 428212607 181223
33 3 2 428099855 181903
33 3 3 427789038 181413
33 3 4 427976092 179883
33 3 5 427085465 182023
34 3 1 463040818 200783
34 3 2 460725495 198483
34 3 3 460263656 200194
34 3 4 462575570 200154
34 3 5 459757917 194924
35 3 1 516348110 216174
35 3 2 517039932 224394
35 3 3 514571086 220994
35 3 4 518189053 215864
35 3 5 517926138 219084
36 3 1 563586759 245314
36 3 2 563515659 240545
36 3 3 564662089 238745
36 3 4 564982255 235845
36 3 5 564425455 236595
37 3 1 600129222 262755
37 3 2 600432387 263455
37 3 3 600810255 266005
37 3 4 600994728 265135
37 3 5 601146331 263914
38 3 1 706854638 301725
38 3 2 708892775 288466
38 3 3 704417212 287595
38 3 4 714711172 290676
38 3 5 710535255 290675
39 3 1 731210335 309416
39 3 2 734874093 311476
39 3 3 734076218 314516
39 3 4 732128423 371697
39 3 5 733557009 315566
40 3 1 821512818 338367
40 3 2 819984700 401268
40 3 3 824439361 348266
40 3 4 820143503 344996
40 3 5 845848266 348907
41 3 1 867457364 367977
41 3 2 867732019 430618
41 3 3 864806975 358616
41 3 4 861346401 361136
41 3 5 867359862 365977
42 3 1 932487762 387947
42 3 2 927707143 389867
42 3 3 937224228 388167
42 3 4 931237668 388917
42 3 5 934395376 392457
43 3 1 975803668 428018
43 3 2 972688621 421828
43 3 3 973191390 415907
43 3 4 976094963 416788
43 3 5 970737745 417997
44 3 1 1053748423 532020
44 3 2 1053205383 448049
44 3 3 1048926585 441618
44 3 4 1051517001 449199
44 3 5 1047861215 452348
45 3 1 1147081121 491339
45 3 2 1152501570 480679
45 3 3 1144708247 485100
45 3 4 1145898540 478258
45 3 5 1152676754 577011
46 3 1 1210292674 513600
46 3 2 1214707655 576570
46 3 3 1219568156 497209
46 3 4 1211038428 507860
46 3 5 1209085202 513430
47 3 1 1446463302 543070
47 3 2 1453937230 537580
47 3 3 1443686541 534890
47 3 4 1445105286 543510
47 3 5 1440906009 541880
48 3 1 1429365307 576000
48 3 2 1427183726 572561
48 3 3 1427683055 575470
48 3 4 1430615389 576301
48 3 5 1429437017 573561
49 3 1 1568335385 599081
49 3 2 1569073948 606051
49 3 3 1570214219 607601
49 3 4 1572676953 722133
49 3 5 1566522810 611191
50 3 1 1662404455 637072
50 3 2 1662288803 641472
50 3 3 1669300242 812425
50 3 4 1661031849 636031
50 3 5 1661871484 644552
51 3 1 1731390363 675693
51 3 2 1735690793 689532
51 3 3 1731893694 675042
51 3 4 1723735141 698313
51 3 5 1727432071 678982
52 3 1 1763259219 721413
52 3 2 1764946850 732974
52 3 3 1759164864 728833
52 3 4 1754306453 723734
52 3 5 1767592548 716133
53 3 1 1938864740 771234
53 3 2 1954578790 769924
53 3 3 1941486789 769834
53 3 4 1971080293 770744
53 3 5 1941792474 769304
54 3 1 1995987230 802904
54 3 2 2013045945 806745
54 3 3 2002734584 859966
54 3 4 2004647989 833476
54 3 5 1999101098 835396
55 3 1 2166189452 857105
55 3 2 2170552573 837075
55 3 3 2176493641 942647
55 3 4 2167976014 844876
55 3 5 2176725845 836425
56 3 1 2332805387 891856
56 3 2 2324260570 894956
56 3 3 2331519523 904597
56 3 4 2325448030 1077930
56 3 5 2314084440 886757
57 3 1 2421954666 926127
57 3 2 2418716076 932777
57 3 3 2414578699 929697
57 3 4 2407793344 943868
57 3 5 2417517212 970758
58 3 1 2614743432 1006388
58 3 2 2602028457 990518
58 3 3 2604973261 985919
58 3 4 2622119596 980048
58 3 5 2603945391 1006089
59 3 1 2724373167 1030119
59 3 2 2738633639 1020148
59 3 3 2725174261 1041689
59 3 4 2737299224 1028869
59 3 5 2724292963 1027439
60 3 1 3052741107 1277944
60 3 2 3081499967 1094320
60 3 3 3053859316 1070710
60 3 4 3072937056 1076790
60 3 5 3056499533 1074170
61 3 1 3256976092 1131551
61 3 2 3265518219 1339685
61 3 3 3269773757 1142911
61 3 4 3256041943 1130141
61 3 5 3263567091 1128390
62 3 1 3412442390 1187132
62 3 2 3405731765 1294834
62 3 3 3380691144 1185092
62 3 4 3430830896 1191862
62 3 5 3416414109 1180042
63 3 1 3642606231 1260483
63 3 2 3655045098 1267183
63 3 3 3648181152 1235873
63 3 4 3653908677 1486907
63 3 5 3648640628 1247533
64 3 1 3486136338 1580489
64 3 2 3498271951 1304094
64 3 3 3508807794 1327664
64 3 4 3505969100 1317154
64 3 5 3503969104 1358115
65 3 1 3817196665 1363025
65 3 2 3838197961 1629840
65 3 3 3826122258 1375416
65 3 4 3810997439 1370125
65 3 5 3795608784 1360935
66 3 1 4283158163 1436636
66 3 2 4255150187 1632060
66 3 3 4263870236 1419486
66 3 4 4266733528 1427916
66 3 5 4252230749 1440746
67 3 1 4197338688 1480177
67 3 2 4184518022 1484427
67 3 3 4191722283 1528888
67 3 4 4220599095 1498538
67 3 5 4228000779 1485377
68 3 1 4379845441 1632590
68 3 2 4351997049 1562248
68 3 3 4340602128 1565999
68 3 4 4345624719 1559949
68 3 5 4366871569 2036327
69 3 1 4688692368 1628800
69 3 2 4696086113 1634250
69 3 3 4683451489 1618610
69 3 4 4686794299 1673411
69 3 5 4677927004 1644150
70 3 1 4836421029 2040938
70 3 2 4862550189 1687161
70 3 3 4840743016 1698332
70 3 4 4858043264 1883425
70 3 5 4855228771 2009507
71 3 1 4975370190 1807663
71 3 2 4971489917 2096778
71 3 3 4964545358 1817973
71 3 4 4963027099 1784743
71 3 5 4965313240 1781313
72 3 1 5726870553 1845794
72 3 2 5716668664 1840084
72 3 3 5715074784 1848304
72 3 4 5701092746 1880694
72 3 5 5761820612 1839233
73 3 1 5442822733 1949966
73 3 2 5436785041 1993027
73 3 3 5443610606 1924745
73 3 4 5435228651 1918706
73 3 5 5443226887 1968426
74 3 1 5832948012 2002617
74 3 2 5841360945 2005257
74 3 3 5824238779 2025307
74 3 4 5827429426 1996426
74 3 5 5828040416 2004557
75 3 1 6043306792 2073028
75 3 2 6038698548 2091539
75 3 3 6050212648 2089878
75 3 4 6043824689 2094568
75 3 5 6026041880 2124299
76 3 1 6722485843 2157760
76 3 2 6697702976 2206170
76 3 3 6694708450 2186161
76 3 4 6682143476 2183430
76 3 5 6714616862 2193330
77 3 1 6933665299 2496946
77 3 2 6937757262 2245321
77 3 3 6905185921 2251292
77 3 4 6948932064 2238022
77 3 5 6940805063 2238591
78 3 1 6975141884 2342343
78 3 2 6963663821 2323782
78 3 3 6993862635 2325222
78 3 4 6977276339 2336933
78 3 5 6982897800 2324723
79 3 1 7325771831 2431185
79 3 2 7383935369 2446574
79 3 3 7271251908 2461515
79 3 4 7272097421 2427155
79 3 5 7326426387 2432685
80 3 1 7405754994 2527837
80 3 2 7398474981 2524237
80 3 3 7387024177 2535427
80 3 4 7405427534 2544107
80 3 5 7411844990 2590578
81 3 1 8046230230 2629979
81 3 2 8153106490 2599889
81 3 3 8040782340 2609710
81 3 4 8159435181 2610780
81 3 5 8053522186 2808293
82 3 1 8210089565 2728722
82 3 2 8318332707 2846145
82 3 3 8320847728 2705531
82 3 4 8350580944 2687451
82 3 5 8207834768 2999217
83 3 1 8605566813 2834564
83 3 2 8579016224 3123380
83 3 3 8567984929 2800442
83 3 4 8524858689 2892874
83 3 5 8581097987 2851794
84 3 1 8727497107 2919895
84 3 2 8754704435 2954886
84 3 3 8638925320 3443775
84 3 4 8749389430 2927695
84 3 5 8727453496 2957046
85 3 1 9522175080 3010337
85 3 2 9554572821 3054998
85 3 3 9516611917 3145009
85 3 4 9530296327 3212811
85 3 5 9535000219 3009587
86 3 1 9076274773 3600168
86 3 2 9079864061 3109309
86 3 3 9197681657 3127019
86 3 4 9172633699 3146009
86 3 5 9186011654 3170190
87 3 1 10009934440 3226461
87 3 2 10163197329 3243101
87 3 3 10125836834 3481136
87 3 4 10114947337 3336263
87 3 5 10152992437 3225391
88 3 1 10110387369 3427194
88 3 2 10133925670 3671198
88 3 3 10117871272 3363123
88 3 4 10150725189 3388703
88 3 5 9983574155 3378873
89 3 1 10274560154 3467725
89 3 2 10275296452 3477325
89 3 3 10264419404 3466164
89 3 4 10267869605 3587327
89 3 5 10243607130 3450425
90 3 1 10884633143 3750800
90 3 2 10929060506 3573488
90 3 3 10914390777 3616737
90 3 4 10886269007 3622058
90 3 5 10954760783 3618127
91 3 1 11639817220 3741600
91 3 2 11624566558 3786080
91 3 3 11620108568 3774120
91 3 4 11614832955 3739460
91 3 5 11649234933 3976564
92 3 1 11662001918 3823661
92 3 2 11631345375 3845712
92 3 3 11662207069 4068416
92 3 4 11643116155 3838571
92 3 5 11616365757 3853221
93 3 1 12548270504 3944623
93 3 2 12515955368 3961004
93 3 3 12490641306 3971694
93 3 4 12510921443 3965154
93 3 5 12487798323 3977934
94 3 1 12834082493 4087146
94 3 2 12706513322 4080946
94 3 3 12820777959 4065566
94 3 4 12822687747 4069216
94 3 5 12936924192 4069935
95 3 1 12808503623 4451843
95 3 2 12810844802 4447133
95 3 3 12672437882 4198318
95 3 4 12789688136 4225769
95 3 5 12777166893 4419303
96 3 1 13655608685 4647737
96 3 2 13638808389 4557985
96 3 3 13592060929 4352991
96 3 4 13634484855 4383721
96 3 5 13664814738 4515193
97 3 1 14999966643 4731597
97 3 2 14944041870 4644006
97 3 3 14924126413 4447082
97 3 4 14888804048 4551624
97 3 5 14885993424 4474934
98 3 1 14767844384 4841130
98 3 2 14716349073 5252657
98 3 3 14663251342 4596395
98 3 4 14663917409 4643586
98 3 5 14674961978 4615915
99 3 1 15224229864 4760618
99 3 2 15250890301 4740017
99 3 3 15211823813 5108415
99 3 4 15265951762 4749598
99 3 5 15237461602 4759808
100 3 1 16445581854 5093335
100 3 2 16441470451 5296887
100 3 3 16428714904 5124305
100 3 4 16473335074 5127954
100 3 5 16476266475 5115254
101 3 1 16232312593 5204726
101 3 2 16147664809 5026453
101 3 3 16156875161 5022613
101 3 4 16169813713 5018152
101 3 5 16155550812 5035443
102 3 1 16934018397 5447920
102 3 2 16978831428 5179656
102 3 3 16963406006 5195486
102 3 4 16912177863 5164485
102 3 5 16921892755 5182106
103 3 1 17734431289 5369779
103 3 2 17837823713 5337298
103 3 3 17747858257 5357669
103 3 4 17778844716 5352078
103 3 5 17852876729 5342419
104 3 1 16992180540 5520462
104 3 2 16982163646 5633114
104 3 3 17045118929 5524722
104 3 4 17018477998 5560762
104 3 5 16942849775 5558473
105 3 1 18549719709 5641575
105 3 2 18472957612 5771906
105 3 3 18546325808 5644884
105 3 4 18433264112 6109223
105 3 5 18524526060 5658345
106 3 1 18907235788 5792966
106 3 2 18862805022 6248375
106 3 3 18864840482 5844108
106 3 4 18911149691 6153014
106 3 5 18877444114 5839008
107 3 1 19074578169 7034150
107 3 2 19083903245 6478790
107 3 3 19208123125 5972900
107 3 4 19179576316 5942660
107 3 5 19195298202 5947350
108 3 1 20319834250 6125393
108 3 2 20307324576 6138933
108 3 3 20274519218 6152903
108 3 4 20347820058 6123653
108 3 5 20012030131 6133853
109 3 1 20465005618 6537670
109 3 2 20470219132 6336586
109 3 3 20442304347 6349968
109 3 4 20438574418 6312856
109 3 5 20467853378 6550221
110 3 1 20859095715 6685204
110 3 2 20851119849 7016690
110 3 3 20813905734 6800856
110 3 4 20749809712 6485830
110 3 5 20806489220 6471070
111 3 1 22059063086 6673273
111 3 2 22097783781 6635073
111 3 3 22029316660 6978119
111 3 4 22005094448 6651943
111 3 5 22003501269 6644133
112 3 1 21860649617 7360955
112 3 2 21860584748 6935009
112 3 3 21840331708 6911657
112 3 4 21827344083 6899057
112 3 5 21791037678 6910347
113 3 1 21940430237 8254313
113 3 2 21913554345 7029210
113 3 3 21926715674 7511859
113 3 4 21943619520 7359766
113 3 5 21957389488 7056031
114 3 1 23280486633 7239704
114 3 2 23256145100 7213434
114 3 3 23305847451 7597450
114 3 4 23288511587 7671351
114 3 5 23347574032 7225473
115 3 1 23915113423 7395626
115 3 2 24324699082 7404706
115 3 3 24256797845 7414637
115 3 4 24237528636 7837245
115 3 5 24302391539 7392766
116 3 1 24962832472 7964176
116 3 2 25043197732 7624761
116 3 3 24982678582 8102660
116 3 4 25001209690 7576240
116 3 5 25052892380 7593041
117 3 1 23991558008 7828404
117 3 2 23951293323 7802143
117 3 3 23926683287 7829224
117 3 4 23891058549 7805274
117 3 5 23982716425 8184472
118 3 1 26000424516 8013928
118 3 2 25986329263 7987357
118 3 3 26043445594 7996328
118 3 4 26015741071 7992237
118 3 5 26000142902 7985907
119 3 1 28033068702 8186161
119 3 2 27933162008 8569478
119 3 3 27961744943 8183671
119 3 4 27887939601 8185741
119 3 5 27934415705 8553898
120 3 1 26875916137 8880154
120 3 2 26811310825 8629779
120 3 3 26781490324 8883463
120 3 4 26769725944 8684610
120 3 5 26741536525 8539647
121 3 1 30682927371 8708910
121 3 2 30778523492 8664520
121 3 3 30781925263 8614699
121 3 4 30624752375 8641949
121 3 5 30812631266 8666620
122 3 1 31329898952 8874393
122 3 2 31408184714 8846023
122 3 3 31455768820 9380803
122 3 4 31404529545 9524125
122 3 5 31344952256 8826442
123 3 1 31506506423 9084528
123 3 2 31444404927 9059717
123 3 3 31332862100 9026626
123 3 4 31518554923 9081507
123 3 5 31447280598 9450654
124 3 1 30860703453 9477934
124 3 2 31013871187 9261950
124 3 3 30983816441 9476025
124 3 4 30845578562 9274341
124 3 5 30916112033 9266480
125 3 1 33434757556 9879202
125 3 2 33324321410 10199478
125 3 3 33349526214 9720400
125 3 4 33386488135 9506405
125 3 5 33286915652 9866867
126 3 1 36241916174 10172232
126 3 2 36277510136 9708002
126 3 3 36236443721 9902434
126 3 4 36299194100 9715040
126 3 5 36363979893 9733861
127 3 1 34302773158 10181938
127 3 2 34289933172 9932864
127 3 3 34162623349 10171097
127 3 4 34174577201 9968222
127 3 5 34322812887 9970632
128 3 1 34136079617 11023282
128 3 2 34119921762 10554172
128 3 3 34079225169 10589553
128 3 4 34081296316 10588632
128 3 5 34068354615 10855447
129 3 1 34721831955 10509301
129 3 2 34568103920 10853816
129 3 3 34567247940 10449139
129 3 4 34590901164 10480239
129 3 5 34542936526 10465718
130 3 1 35928124149 10692163
130 3 2 35969691128 11288964
130 3 3 35832335706 10652322
130 3 4 35980987368 10677961
130 3 5 35939956271 11087520
131 3 1 37803005756 10893475
131 3 2 37658798642 11348634
131 3 3 37770430140 11287823
131 3 4 37662558946 10910376
131 3 5 37735979906 11436515
132 3 1 38600826373 11165849
132 3 2 38633864650 11366484
132 3 3 38413910853 11173039
132 3 4 38482946188 11555196
132 3 5 38600454827 11186890
133 3 1 39038217094 11656308
133 3 2 39108684892 11911873
133 3 3 39098871826 12092216
133 3 4 39013541727 11426553
133 3 5 38984456761 11881202
134 3 1 39353942925 11928193
134 3 2 39303979419 12207258
134 3 3 39428095461 11718809
134 3 4 39416966569 12860890
134 3 5 39389342661 11684258
135 3 1 39084368504 11910372
135 3 2 39092552903 12620056
135 3 3 39217083612 12090976
135 3 4 39145669712 11946693
135 3 5 39118791592 12400311
136 3 1 40258157039 12245219
136 3 2 40300382269 12618206
136 3 3 40295917296 12199938
136 3 4 40273360652 12222287
136 3 5 40258554650 12234151
137 3 1 41019717837 12481795
137 3 2 41067177641 12641818
137 3 3 40995610611 12836082
137 3 4 41022859162 12519976
137 3 5 40952378345 12834621
138 3 1 42586415668 12780210
138 3 2 42440974507 13178387
138 3 3 42502238850 12787590
138 3 4 42505208619 13193737
138 3 5 42593719365 13173317
139 3 1 43517625307 13447562
139 3 2 43588671372 13063675
139 3 3 43499809521 13257138
139 3 4 43413276897 13252128
139 3 5 43447327863 13040785
140 3 1 44255150510 13296519
140 3 2 44277033203 13281949
140 3 3 44269434676 13355840
140 3 4 44208458798 13287528
140 3 5 44171736870 13292648
141 3 1 45398674633 13592894
141 3 2 45379179245 14047773
141 3 3 45455250015 13700115
141 3 4 45400549363 13616205
141 3 5 45610583867 13624185
142 3 1 47809774539 14154054
142 3 2 47693968073 13898079
142 3 3 47740082662 13910099
142 3 4 47723053791 13940180
142 3 5 47714942563 13947340
143 3 1 46055008962 14255607
143 3 2 46122790430 14190805
143 3 3 46096405533 14237726
143 3 4 46105511175 14179205
143 3 5 46053280823 14225576
144 3 1 48021592326 14614614
144 3 2 47857004922 15327316
144 3 3 47852905030 14933378
144 3 4 47781996373 14577922
144 3 5 47765599128 15037221
145 3 1 48973016680 14958059
145 3 2 49751742980 14796736
145 3 3 49663801284 14783126
145 3 4 49645265077 14771736
145 3 5 49658952232 14812074
146 3 1 51300025626 15608789
146 3 2 51338225722 15475535
146 3 3 51294075416 15068576
146 3 4 51344277723 15062097
146 3 5 51470284740 15308671
147 3 1 51301405803 15525995
147 3 2 51262513888 15403772
147 3 3 51332098419 15385251
147 3 4 51246162006 15412761
147 3 5 51256565848 15966962
148 3 1 54004164680 16058903
148 3 2 53929219200 15696026
148 3 3 54047952133 16044872
148 3 4 53882049604 16100773
148 3 5 53812844495 15687486
149 3 1 53581445245 16406969
149 3 2 53571526841 16057312
149 3 3 53606996541 16060072
149 3 4 53515091362 16465299
149 3 5 53381834208 16136313
150 3 1 55225364256 16340727
150 3 2 55270024603 16612382
150 3 3 55263973888 16366107
150 3 4 55358688545 16366118
150 3 5 55359352241 16367967
151 3 1 56985222139 16745204
151 3 2 56942207250 17090410
151 3 3 57043698110 16698483
151 3 4 56974875455 16643182
151 3 5 56932529085 16628832
152 3 1 58749735256 17072980
152 3 2 58705206595 17613011
152 3 3 58740077605 17546039
152 3 4 58684087844 17104560
152 3 5 58654705009 17425717
153 3 1 62015286699 17375026
153 3 2 62049091856 17772789
153 3 3 62083689818 17361721
153 3 4 62133718665 17764308
153 3 5 62134520993 17781227
154 3 1 61853620533 17701246
154 3 2 61864169342 17999861
154 3 3 62024880785 17788377
154 3 4 62124559449 17827416
154 3 5 62154087255 17702554
155 3 1 67813318741 18087312
155 3 2 67884120674 18040250
155 3 3 67929262609 18173222
155 3 4 68074009196 18416527
155 3 5 67699501738 18092731
156 3 1 65969637987 18488248
156 3 2 66185908370 18815464
156 3 3 66068865406 18349615
156 3 4 66021609155 18492047
156 3 5 66180332726 18821863
157 3 1 67312219430 19218691
157 3 2 67546492409 19672740
157 3 3 67486645104 19161350
157 3 4 67368861287 19149060
157 3 5 67521148324 19205860
158 3 1 69898138224 19917655
158 3 2 69502201519 19532997
158 3 3 69817788840 19105549
158 3 4 69824933603 19935464
158 3 5 69611272816 19084969
159 3 1 69640276845 19964845
159 3 2 69576989290 19496526
159 3 3 69418394583 19725601
159 3 4 69648267886 20103017
159 3 5 69565462858 19663757
160 3 1 75760399933 20815448
160 3 2 75695004529 19894840
160 3 3 75783689625 20841278
160 3 4 75674390866 20923948
160 3 5 75777779713 20481740
161 3 1 67147217919 20269244
161 3 2 67163182977 20601161
161 3 3 67243572573 20707103
161 3 4 67229875608 20214463
161 3 5 67251706996 20589799
162 3 1 75543556027 20643200
162 3 2 75643144593 21063549
162 3 3 75642671666 20999816
162 3 4 75655665799 21007277
162 3 5 75663348267 20600008
163 3 1 76397085039 21339363
163 3 2 75930730649 21285453
163 3 3 75838937592 21665879
163 3 4 75870675706 21082688
163 3 5 75939714260 20989946
164 3 1 76973461675 21375384
164 3 2 77252707747 21938094
164 3 3 76996901639 21425064
164 3 4 76939701311 21479195
164 3 5 77085829056 22099542
165 3 1 80118119887 21742345
165 3 2 79708579243 21730914
165 3 3 79933858851 22090430
165 3 4 79843253822 22592350
165 3 5 79748611512 22050379
166 3 1 78527108553 22794872
166 3 2 78525539105 22408795
166 3 3 78969263844 23076767
166 3 4 78665735936 22213991
166 3 5 78647431706 22256342
167 3 1 79622524159 22690299
167 3 2 79754002508 22982015
167 3 3 79727946660 22970055
167 3 4 79701597766 23158898
167 3 5 79872958084 22616208
168 3 1 81201362076 23111847
168 3 2 81468989365 23519964
168 3 3 81332203944 23202029
168 3 4 81383877353 23783379
168 3 5 81144415783 23609627
169 3 1 82034780593 24058154
169 3 2 81730652055 24253569
169 3 3 81783119071 23624597
169 3 4 81681604790 23319521
169 3 5 81863014582 24204696
170 3 1 82362001066 23820651
170 3 2 82326761972 24255170
170 3 3 82361147243 23849974
170 3 4 82515660929 23997306
170 3 5 82543269647 24221262
171 3 1 85878370351 24270924
171 3 2 85517248965 24174462
171 3 3 85815872822 24891827
171 3 4 85837547562 24709483
171 3 5 85756521077 24619282
172 3 1 90376564863 25042280
172 3 2 90382212340 25245374
172 3 3 90420825284 24908998
172 3 4 90093297243 24753885
172 3 5 90383578484 24594112
173 3 1 88148650105 25070233
173 3 2 87967329864 25508060
173 3 3 87866576605 25062651
173 3 4 88136351191 25606342
173 3 5 87783692567 25616842
174 3 1 86795142025 25514949
174 3 2 86973244666 25901298
174 3 3 86828314568 25524561
174 3 4 86895444288 25794906
174 3 5 86921626662 26110614
175 3 1 89402607239 26297888
175 3 2 89304651162 25954113
175 3 3 89592803628 26032185
175 3 4 89451312112 26311881
175 3 5 89355297343 26410314
176 3 1 94115240922 27158128
176 3 2 94097988328 27331541
176 3 3 93804977432 26918834
176 3 4 94143669756 26542037
176 3 5 94083062581 26885794
177 3 1 96153254379 27243750
177 3 2 96124232263 27170629
177 3 3 95871792551 27047508
177 3 4 96000841970 27625538
177 3 5 96173817195 27654019
178 3 1 95916345713 27489906
178 3 2 96031604284 27321563
178 3 3 96075132751 27367844
178 3 4 96056395962 27647809
178 3 5 95932143748 28056908
179 3 1 94956636513 28617128
179 3 2 95005909043 27961598
179 3 3 94933909177 28617320
179 3 4 95151653781 28473199
179 3 5 95041450231 27781578
180 3 1 98340777976 28727264
180 3 2 98073352291 28632133
180 3 3 98025637412 28243016
180 3 4 98077090616 28677785
180 3 5 98052113246 28244448
181 3 1 100790779553 29398479
181 3 2 100686146865 29635774
181 3 3 100883779717 28691366
181 3 4 100963402468 30875898
181 3 5 100926819948 29517402
182 3 1 100308533122 29415791
182 3 2 100619712176 29654395
182 3 3 100610672854 29840758
182 3 4 100677972160 29529352
182 3 5 100386091014 29824418
183 3 1 104706192534 30092292
183 3 2 104768841662 30030083
183 3 3 104790915051 30114976
183 3 4 104658490749 30183479
183 3 5 105975896058 30554527
184 3 1 106679630248 30742691
184 3 2 106694157317 30240362
184 3 3 105476642212 30795553
184 3 4 106982735118 31409255
184 3 5 106727901411 30851855
185 3 1 108056549337 30656681
185 3 2 106692507405 31078629
185 3 3 108292555160 31618230
185 3 4 108020945178 30808525
185 3 5 107958781577 31204263
186 3 1 110517712057 31627511
186 3 2 108966775766 31634960
186 3 3 110455349086 31542669
186 3 4 110694296600 31170132
186 3 5 110728758338 31873710
187 3 1 108637464698 32387480
187 3 2 107388135863 31978693
187 3 3 108429618272 31690769
187 3 4 108380135916 31944884
187 3 5 108557119869 31719740
188 3 1 110724950603 32778779
188 3 2 110608085759 32215820
188 3 3 110829291192 32479275
188 3 4 110909075569 32719120
188 3 5 110905541949 32275592
189 3 1 112974629695 33456234
189 3 2 111320340007 32856533
189 3 3 112924835134 33276860
189 3 4 112871968861 33138638
189 3 5 112866100694 33596457
190 3 1 117880884457 33971484
190 3 2 117758391613 33573376
190 3 3 117947024223 33260312
190 3 4 117776725076 33506328
190 3 5 118097607669 33337625
191 3 1 116431298561 34163722
191 3 2 115304736301 34356587
191 3 3 116600618411 34147104
191 3 4 116432547697 34645723
191 3 5 116352085831 34489302
192 3 1 122937239081 34344929
192 3 2 120653773415 34886649
192 3 3 122947151968 35205426
192 3 4 122771794450 34783617
192 3 5 122823041443 34869828
193 3 1 131894772926 34812818
193 3 2 131652375975 35269007
193 3 3 131684696546 34665025
193 3 4 131604415661 36917108
193 3 5 132134966310 35149334
194 3 1 132250838518 35727547
194 3 2 132241472263 36333380
194 3 3 132447233018 35361603
194 3 4 132037465815 35729661
194 3 5 132171495878 36153629
195 3 1 135489266761 36575527
195 3 2 135570398862 36491866
195 3 3 135490804025 36689660
195 3 4 135601742657 36438886
195 3 5 135552663413 36446967
196 3 1 131297257174 37015147
196 3 2 131535988024 37318813
196 3 3 131454506658 36881785
196 3 4 131386644048 36504818
196 3 5 131504990589 36507833
197 3 1 139783537376 37052351
197 3 2 139494845552 37850626
197 3 3 139681275942 37208223
197 3 4 139600745832 37657512
197 3 5 139521194046 37001699
198 3 1 140654086394 38097539
198 3 2 140997385603 38222691
198 3 3 140791584779 38047368
198 3 4 140939089760 38355794
198 3 5 140971972338 38621318
199 3 1 141352730403 38053229
199 3 2 141168420074 39046407
199 3 3 141597634889 38797992
199 3 4 141341005114 38894503
199 3 5 141462530499 38708200
200 3 1 159625794234 39094885
200 3 2 159224616003 39192896
200 3 3 158845547989 39346847
200 3 4 159440080257 40388386
200 3 5 159241193361 38998939
